BTCUSDT	63,481306882547045	72,28151172048118	270
ETHUSDT	65,21431299779792	75,75889701461969	270
BNBUSDT	71,98507432007105	86,21769772905252	270
NEOUSDT	62,82860402247847	78,67321867321866	270
LTCUSDT	77,93448138260028	86,47746243739564	270
QTUMUSDT	63,842906385895816	76,79002802203111	270
ADAUSDT	57,91711742452753	70,70151306740027	270
XRPUSDT	59,81360097630094	73,82293762575452	270
EOSUSDT	61,60182479898007	77,4063400576369	270
TUSDUSDT	52,10972362987532	56,00000000000089	270
IOTAUSDT	53,26125550902768	66,91362486447416	270
XLMUSDT	59,9787490356584	71,9277108433735	270
ONTUSDT	61,48396639572227	76,58643326039387	270
TRXUSDT	64,3255044682885	79,3891102257636	270
ETCUSDT	66,11388332018966	80,18455560951924	270
ICXUSDT	51,81104567113762	64,19965576592082	270
NULSUSDT	59,60545583663147	71,79203539823013	270
VETUSDT	69,10308892376932	77,13004484304935	270
USDCUSDT	57,591047672788605	62,06896551724099	270
LINKUSDT	62,10856687854522	69,94577846630519	270
WAVESUSDT	39,00785848890119	16,485900216919717	270
BTTUSDT	57,024608049998186	72,37087741132545	270
ONGUSDT	51,100574309227426	67,01754385964912	270
HOTUSDT	65,09869728263382	70,85201793721973	270
ZILUSDT	55,0946718273739	71,56063077759653	270
ZRXUSDT	61,47014932219605	74,18254193915269	270
FETUSDT	62,01989746917133	73,19536831731952	270
BATUSDT	63,2171272546829	68,39732300105672	270
XMRUSDT	58,818887833675205	66,35220125786168	270
ZECUSDT	72,026527895433	76,88338493292053	270
IOSTUSDT	48,360969742131196	66,97388632872503	270
CELRUSDT	51,59585081064792	54,454203262233385	270
DASHUSDT	67,24621012937078	78,4412955465587	270
NANOUSDT	52,525082599094375	64,2191142191142	270
OMGUSDT	54,817493143425	63,7319860858042	270
THETAUSDT	59,68484125080719	67,63345943673812	270
ENJUSDT	61,68333426767137	63,95769551906485	270
MITHUSDT	53,17530752075958	66,80253623188405	270
MATICUSDT	53,62710103333561	52,27837613918808	270
ATOMUSDT	48,35698973401528	45,37444933920706	270
TFUELUSDT	57,04087005936118	64,13223140495867	270
ONEUSDT	55,727618830680946	47,09562109025916	270
FTMUSDT	54,900118881519596	42,42455190726651	270
ALGOUSDT	52,74451996164877	58,559468822170906	270
GTOUSDT	60,38686094911559	72,73081417997662	270
DOGEUSDT	53,63732395641125	60,28858218318695	270
DUSKUSDT	78,0673012665136	89,76157082748946	270
ANKRUSDT	62,56778173000573	76,85328876686162	270
WINUSDT	57,91372264164601	70,52706216024582	270
COSUSDT	51,15830021740434	70,25316455696202	270
COCOSUSDT	52,03448914334468	57,32336714717922	270
MTLUSDT	50,570470294949374	69,62774957698814	270
TOMOUSDT	53,0205656918125	65,84536958368733	270
PERLUSDT	56,74293154447493	70,00281135788586	270
DENTUSDT	54,64171939315824	67,20793865584122	270
MFTUSDT	50,19385435339043	63,352555179956255	270
KEYUSDT	58,38689524637885	73,0506721820062	270
DOCKUSDT	55,69990581610773	70,09237875288684	270
WANUSDT	54,779506865971754	69,27972230257451	270
FUNUSDT	54,88722221998826	69,60985626283373	270
CVCUSDT	50,27732252651257	72,83950617283955	270
CHZUSDT	60,58965043684599	65,9094761824038	270
BANDUSDT	50,17635886115389	56,10087293889428	270
BUSDUSDT	55,511471499227085	58,620689655172676	270
BEAMUSDT	50,409957732550055	57,02792238523427	270
XTZUSDT	44,66412872387712	58,9687328579265	270
RENUSDT	44,58980597392074	41,46341463414636	270
RVNUSDT	59,7288646520723	74,72158387838078	270
HBARUSDT	63,208030377547544	76,6729205753596	270
NKNUSDT	59,00793699078376	67,28940217391306	270
STXUSDT	58,60084886541128	69,6230598669623	270
KAVAUSDT	49,15564539639816	65,77259475218659	270
ARPAUSDT	63,384145030649755	77,0337533053352	270
IOTXUSDT	71,8571400033045	77,02471976839135	270
RLCUSDT	56,5413029364823	69,78303747534517	270
CTXCUSDT	52,947245485177284	74,52966714905932	270
BCHUSDT	64,88997877485515	76,10085227272725	270
TROYUSDT	45,51026736427616	53,72112917023097	270
VITEUSDT	59,75830509943338	70,48397234443746	270
FTTUSDT	52,90862405215321	58,755555555555546	270
BUSDTRY	67,23629351636524	68,47133757961787	270
EURUSDT	48,18387772765736	50,0	270
OGNUSDT	56,19484863262322	67,28013833992095	270
DREPUSDT	65,99407266388427	75,2922590837283	270
TCTUSDT	57,229536122989316	72,0351390922401	270
WRXUSDT	61,418211639252114	66,39427987742596	270
BTSUSDT	56,67265356106281	70,90567808540592	270
LSKUSDT	54,56328382811622	63,85442514474773	270
BNTUSDT	65,41187544226739	81,51260504201683	270
LTOUSDT	63,0689019913695	74,22731804586242	270
AIONUSDT	53,339290710578446	67,85109983079522	270
MBLUSDT	48,65233884586844	65,8637873754153	270
COTIUSDT	51,61446918446292	60,1741022850925	270
STPTUSDT	45,27915553899963	45,867098865478084	270
WTCUSDT	54,81147630059239	65,87872559095582	270
DATAUSDT	55,18555941146211	69,14081533214228	270
SOLUSDT	63,31999370768128	71,9466411055196	270
CTSIUSDT	62,86512932860323	78,61169837914026	270
HIVEUSDT	52,16634186062439	64,19131529263689	270
CHRUSDT	72,91142152247134	77,76562784763988	270
BTCUPUSDT	61,83190951509354	70,7318482229514	270
BTCDOWNUSDT	35,1358149085477	28,27862289831866	270
GXSUSDT	53,34899402659995	55,79029733959313	270
ARDRUSDT	48,19411047874851	65,00765696784075	270
MDTUSDT	52,4599011267691	66,57018813314039	270
STMXUSDT	49,980482180272155	71,47796024200514	270
KNCUSDT	54,74432027083017	66,73582295988935	270
REPUSDT	54,47915377577137	72,59174311926606	270
LRCUSDT	87,6553996373197	88,30098132709877	270
PNTUSDT	49,265690334583255	56,02605863192181	270
COMPUSDT	54,352306914620385	67,48344370860929	270
SCUSDT	57,058867369154854	71,81347150259069	270
ZENUSDT	65,87996771122215	78,16441931274466	270
SNXUSDT	52,013031654879086	62,136522994431836	270
ETHUPUSDT	63,39781000757354	73,83982114126914	270
ETHDOWNUSDT	33,957639204514564	21,636591030909415	270
ADAUPUSDT	53,58365765888456	69,89076012744653	270
ADADOWNUSDT	38,16656270626104	27,127039627039636	270
LINKUPUSDT	59,76473182496755	67,7903436276642	270
LINKDOWNUSDT	34,82356663486519	26,020481753930483	270
VTHOUSDT	61,223369799808374	70,64372918978913	270
DGBUSDT	60,25361389562834	73,56403853014629	270
GBPUSDT	48,29708389879741	44,89795918367357	270
SXPUSDT	56,80953791382144	75,98385469223001	270
MKRUSDT	61,701762500438264	72,00980392156863	270
DCRUSDT	38,4049710374392	43,36569579288024	270
STORJUSDT	54,77474489840799	65,93635166054219	270
BNBUPUSDT	71,6062258283051	85,02821605435909	270
BNBDOWNUSDT	29,49518934601153	7,5346594333936	270
XTZUPUSDT	39,677228356060034	51,207729468599034	270
XTZDOWNUSDT	49,75943319830418	34,24920127795528	270
MANAUSDT	64,50796175666407	69,54230829055841	270
AUDUSDT	40,255729065963344	32,08556149732625	270
YFIUSDT	50,17051797497721	53,867566524963735	270
BALUSDT	54,04721280877411	57,75492716366753	270
BLZUSDT	62,539558889606454	78,18590704647676	270
IRISUSDT	57,87563893727306	69,50367993961123	270
KMDUSDT	50,95103372298472	65,3337169159954	270
JSTUSDT	58,59558766430985	73,40884573894282	270
SRMUSDT	47,00969089498496	59,29988331388566	270
ANTUSDT	59,03290290409881	74,67222884386172	270
CRVUSDT	59,135399177603254	49,75781594011448	270
SANDUSDT	64,9784691208637	71,14583831905422	270
OCEANUSDT	53,35194118452507	59,5346062052506	270
NMRUSDT	54,4612900839553	72,68093781855248	270
DOTUSDT	60,140415683451025	71,83406113537116	270
LUNAUSDT	59,32475811320334	68,13524590163935	270
RSRUSDT	62,14176234803266	73,71998187584956	270
PAXGUSDT	65,04780258128054	62,06896551724138	270
WNXMUSDT	67,63894718332216	77,00098007187195	270
TRBUSDT	61,62305722269946	75,79778830963664	270
BZRXUSDT	51,73714063266546	57,444561774023235	270
SUSHIUSDT	51,054625787663085	59,74057461510486	270
YFIIUSDT	51,11969076458949	59,20322743318205	270
KSMUSDT	58,29336197505612	68,38379866299645	270
EGLDUSDT	65,63878337316585	81,6338959457108	270
DIAUSDT	53,380411719686144	69,85074626865672	270
RUNEUSDT	52,67513452595214	53,3857528459101	270
FIOUSDT	49,42440567450316	65,43999999999998	270
UMAUSDT	64,92252625393618	73,56176942470776	270
EOSUPUSDT	58,81025939287538	76,26309020760608	270
EOSDOWNUSDT	35,95814296828438	19,868379818238793	270
TRXUPUSDT	61,16769882394676	76,94964446379336	270
TRXDOWNUSDT	35,225999093984115	14,250696378830071	270
XRPUPUSDT	55,390126530808224	69,38193849281487	270
XRPDOWNUSDT	35,456322603359396	17,945739649879684	270
DOTUPUSDT	54,308916921653044	66,04447762785983	270
DOTDOWNUSDT	54,976581144734126	24,18613940483324	270
BELUSDT	54,18998202829773	69,91358994501178	270
WINGUSDT	56,6706740688881	72,76995305164318	270
LTCUPUSDT	77,8717920120983	86,64797875479492	270
LTCDOWNUSDT	28,989488022935475	16,77018633540372	270
UNIUSDT	54,1275458987181	65,89259796806965	270
NBSUSDT	53,02463886410276	39,027777777777786	270
OXTUSDT	63,801053736056005	71,32686084142395	270
SUNUSDT	57,98192547076539	71,93548387096774	270
AVAXUSDT	73,17098426929851	80,57044410413475	270
HNTUSDT	82,06845128860319	83,89305510270623	270
FLMUSDT	70,90377191996905	85,54327808471454	270
UNIUPUSDT	47,98051522906052	62,43194192377496	270
UNIDOWNUSDT	39,296380274685106	29,956896551724128	270
ORNUSDT	61,195877806908435	72,27367792052587	270
UTKUSDT	64,16662815740317	77,68100163309747	270
XVSUSDT	48,150128856951746	52,8894472361809	270
ALPHAUSDT	56,593334153787445	68,9519895385765	270
AAVEUSDT	54,954141293227494	53,41614906832299	270
NEARUSDT	59,768467097024406	53,03383897316219	270
SXPUPUSDT	49,216411115420485	73,26027028844214	270
SXPDOWNUSDT	39,3002154891728	16,67875271936184	270
FILUSDT	55,28394515946679	79,07317073170734	270
FILUPUSDT	48,0895032947645	74,06254862299673	270
FILDOWNUSDT	41,89903229455689	18,90909090909092	270
YFIUPUSDT	45,39066953664205	49,91119005328597	270
YFIDOWNUSDT	44,41306619063437	42,595488050033495	270
INJUSDT	58,23751770504127	72,76296755528003	270
AUDIOUSDT	56,80273007147143	73,08584686774942	270
CTKUSDT	51,29766829106865	67,12749615975423	270
BCHUPUSDT	63,049704721800175	75,83278902677986	224
BCHDOWNUSDT	35,57919818805267	22,471042471042466	224
AKROUSDT	61,40550970419242	75,36916715888955	270
AXSUSDT	61,449374046988915	71,24840583817488	270
HARDUSDT	54,33564361485363	67,01152127909711	270
DNTUSDT	57,85826386999267	66,66666666666669	270
STRAXUSDT	50,5621827160284	69,20903954802259	270
UNFIUSDT	55,299167834397764	65,05611565531672	270
ROSEUSDT	58,56336679695599	69,23958057978676	270
AVAUSDT	46,219805253344084	66,91505216095376	270
XEMUSDT	55,76790122185986	68,997668997669	270
AAVEUPUSDT	45,934360785740985	46,289888504421384	270
AAVEDOWNUSDT	34,02636215596209	36,08011444921316	270
SKLUSDT	53,68238223688998	70,40816326530611	270
SUSDUSDT	46,96100272402103	51,16279069767442	270
SUSHIUPUSDT	46,71565494073873	55,671880773494266	270
SUSHIDOWNUSDT	44,007777408815336	30,223832319834386	270
XLMUPUSDT	55,61338679188429	67,19409282700423	270
XLMDOWNUSDT	36,80017281826351	18,736330498177395	270
GRTUSDT	70,3814365678248	76,45771144278608	270
JUVUSDT	50,236869528796255	57,35294117647056	270
PSGUSDT	50,95532900314338	61,6867469879518	270
1INCHUSDT	53,74555020890143	18,168604651162767	270
REEFUSDT	56,74801128345882	64,00617919670444	270
OGUSDT	49,564736044167724	61,47723654886977	270
ATMUSDT	41,02531359427246	45,047923322683694	270
ASRUSDT	41,52224954159904	51,317829457364375	270
CELOUSDT	52,90944376548191	56,86475409836065	270
RIFUSDT	62,26376582035716	71,09489051094893	270
BTCSTUSDT	49,93230156163683	54,38088341781318	270
TRUUSDT	59,36253546425401	44,52917771883289	270
CKBUSDT	60,032608798906615	65,14625681705502	270
TWTUSDT	55,65581318166593	63,42907257180444	270
FIROUSDT	55,12611311738126	53,05886879569062	270
LITUSDT	55,30629375566122	63,0012936610608	270
SFPUSDT	51,69110578706907	64,86959055806497	270
DODOUSDT	54,55160299869421	68,81028938906752	265
CAKEUSDT	51,802287951660276	63,36996336996336	265
ACMUSDT	44,72968498643579	55,43374642516682	260
BADGERUSDT	55,7504277469034	61,68275862068966	254
FISUSDT	53,857562596798545	71,7790358552067	253
OMUSDT	52,89977707404135	73,86363636363635	248
PONDUSDT	54,922223858783894	64,80154355016536	247
DEGOUSDT	54,09496300508692	66,82769726247989	246
ALICEUSDT	56,511369293932454	65,53333333333333	241
LINAUSDT	66,00341864444022	81,2039312039312	238
PERPUSDT	55,412185923728	67,6348547717842	237
RAMPUSDT	47,71321695258846	59,00414937759336	234
SUPERUSDT	74,28194815727555	83,73762211736559	231
CFXUSDT	48,41548162957581	61,73708920187792	227
EPSUSDT	53,640563684155374	71,20481927710841	223
AUTOUSDT	49,000916359577865	58,40056953013762	223
TKOUSDT	49,92723054597258	62,442748091603086	218
PUNDIXUSDT	51,477728210569836	73,41040462427745	216
TLMUSDT	58,99013087363846	69,31861438903691	212
1INCHUPUSDT	53,385011513009474	17,053070448877804	210
1INCHDOWNUSDT	36,77974598693097	68,03779237239313	210
BTGUSDT	61,218357265348686	76,00831600831602	209
MIRUSDT	58,87602780797518	68,43267108167771	206
BARUSDT	45,83522661442373	53,846153846153854	204
FORTHUSDT	60,475780495176956	72,39488117001828	202
BAKEUSDT	55,32340043704308	71,11597374179432	195
BURGERUSDT	49,67981064659653	64,39189189189187	195
SLPUSDT	53,08353471969073	60,52332195676906	195
SHIBUSDT	53,678256739271035	33,50481466824958	185
ICPUSDT	58,55187874191568	75,51377350240493	184
ARUSDT	57,37898855745884	66,47413051493179	181
POLSUSDT	58,80072961490158	68,1734880879658	176
MDXUSDT	29,58141693846902	33,69963369963372	171
MASKUSDT	61,556529934308095	63,67461430575036	170
LPTUSDT	81,28224293494914	86,91280698862701	167
NUUSDT	50,83498725837116	45,716072545340836	160
XVGUSDT	65,95563964701927	80,0865800865801	158
ATAUSDT	57,1492350463365	68,55923859533969	157
GTCUSDT	56,99891553796052	68,30590875093493	154
TORNUSDT	37,99439107379449	36,59058487874466	153
KEEPUSDT	54,534470968083724	63,66855524079319	147
ERNUSDT	63,47926273060497	72,52973467520586	142
KLAYUSDT	48,72664709701703	56,026490066225165	140
PHAUSDT	50,373650500672504	60,32116032116032	139
BONDUSDT	78,59223505630432	87,18186024988432	129
MLNUSDT	48,89650761293709	55,25114155251141	129
DEXEUSDT	49,916587697031424	63,88888888888888	111
C98USDT	59,14392241570837	68,54403834631515	111
CLVUSDT	52,942976170831514	69,73058637083994	105
QNTUSDT	48,39281834074194	47,58672699849169	105
FLOWUSDT	42,13477401027158	63,36633663366336	104
TVKUSDT	70,67091030203021	82,0367132867133	97
MINAUSDT	46,39459788672402	44,90472245236122	93
RAYUSDT	55,44113520013227	68,72973769525494	93
FARMUSDT	46,985598718360436	61,652892561983464	92
ALPACAUSDT	42,71153795819064	55,08601346297681	92
QUICKUSDT	47,76306413556475	49,24242424242424	90
MBOXUSDT	44,017798801188356	60,13874066168624	84
FORUSDT	55,49576997103515	64,13597733711049	83
REQUSDT	56,20867838087543	71,05004906771346	83
GHSTUSDT	59,3943219531749	54,37956204379562	83
WAXPUSDT	73,57750479106471	79,19999999999999	80
TRIBEUSDT	88,93940703960733	97,26792921452964	79
GNOUSDT	64,17267629139464	69,53534031413614	73
XECUSDT	49,1431547199034	65,47834563431277	69
ELFUSDT	42,326170668181156	63,776918829376015	64
DYDXUSDT	47,19283882947511	60,004534633261535	63
POLYUSDT	47,173135745851305	68,54166666666667	63
IDEXUSDT	44,13176035648979	54,56570155902005	63
VIDTUSDT	52,087930159018626	67,57018393030008	63
USDPUSDT	51,97424738210693	58,06451612903319	62
GALAUSDT	50,85522370704474	61,51824366110081	59
ILVUSDT	68,40780791004545	76,3195639701664	50
YGGUSDT	46,396942622384685	56,88458434221146	48
SYSUSDT	61,97959075054658	80,68556361239288	48
DFUSDT	43,42574471767291	65,32258064516128	48
FIDAUSDT	59,50022215566457	65,27818234780074	42
FRONTUSDT	45,13137093440613	58,480041833711	38
CVPUSDT	38,589934490363035	67,54385964912281	38
AGLDUSDT	35,59737622117585	57,065217391304344	37
RADUSDT	49,48090790361795	66,46491817978031	35
BETAUSDT	35,93837528337076	50,54328833260752	34
RAREUSDT	35,14388398879454	52,04567078972408	31
LAZIOUSDT	21,891509995498353	29,43042268810639	21
CHESSUSDT	22,179423269141196	43,40013821700069	20
