DFD_USDT	35,94292831736145	20,637329286798177	188
BURGER_USDT	51,44944082425412	50,60336614798349	270
UGAS_USDT	52,31985328163898	47,49155511072188	270
FLOKI_USDT	65,22076469648124	72,75836464685102	33
BNB3L_USDT	64,89502056749598	70,61649319455564	270
DFI_USDT	61,138070268974765	40,810810810810814	26
NNB_USDT	43,286044899350955	38,92215568862275	270
YLDY_USDT	48,678886652303625	50,5699481865285	119
TOMO3S_USDT	67,23975571276887	72,77542372881356	270
LON_USDT	52,82682077336866	54,41466000302893	270
HT3L_USDT	49,26461520107002	47,46192893401015	270
XTZ3L_USDT	38,380375731220106	28,537170263788965	270
SWTH_USDT	80,84760043785245	82,47823271209614	270
WAVES3S_USDT	55,61748437228379	46,8235294117647	270
CHESS_USDT	44,86604423303128	32,358974358974365	80
UMA_USDT	70,53659811473355	74,91541243728854	270
MAT_USDT	42,2782138658691	48,5309367438645	25
DGB3S_USDT	54,27405135631548	64,37718277066355	195
KEY_USDT	45,212169579608926	52,127659574468076	270
NKN_USDT	59,56454980886071	62,00299529034262	270
CELT_USDT	30,236915500880556	36,40525477707006	19
OOE_USDT	50,141971838902705	42,969283276450504	121
ZOON_USDT	42,26768808078892	46,45669291338583	102
AUDIO3L_USDT	56,39827545440502	51,80965147453083	75
DGB3L_USDT	62,916046460329476	72,29484386347131	195
CPAY_USDT	57,688554303611	55,15734265734267	270
BYN_USDT	47,9543583755505	47,43411927877953	155
AC_USDT	60,998313153354744	65,6935630099728	270
THETA3L_USDT	66,35896528878418	69,60087479496993	270
LRC3S_USDT	43,641276293369735	38,75372393247269	270
CHZ_USDT	58,635256073872974	60,497397433258065	270
LIKE_USDT	67,0832832022142	72,15686274509804	48
ALPHA3S_USDT	43,89275738908995	34,630102040816325	270
AR_USDT	57,21764782159975	61,17881067239763	270
DAI_USDT	41,18039530294504	39,603960396039646	270
KEEP3S_USDT	41,14329574208583	37,33031674208145	126
SC3L_USDT	45,81372112981928	44,555278470490435	211
COFI_USDT	45,73682879665765	51,57856093979442	270
ANKR3L_USDT	49,68310004302164	55,08253692441355	182
CRO_USDT	70,43573090364526	72,25853304284676	270
UPUNK_USDT	60,54525291785734	60,027401952389106	104
KNC_USDT	56,284012953120474	60,35264805468599	270
XMR_USDT	52,294849660100176	45,70910556003222	270
HC_USDT	56,35246579330412	65,08344030808726	270
BAKE3L_USDT	43,82855287817172	42,35294117647059	157
SWRV_USDT	49,47008739903112	50,163599182004084	270
AGLD_USDT	41,73474909499098	42,62877442273535	68
APN_USDT	52,085655500045455	55,70256681661816	203
DMG_USDT	51,57328446545715	55,43566539041652	270
GLQ_USDT	55,38926487321304	59,10329452563786	205
TBE_USDT	58,81114709567606	59,35162094763092	176
KSM_USDT	62,128027999325425	63,828289274019056	270
IRIS_USDT	60,85137924029437	57,73771537970644	270
BADGER_USDT	58,687213676894196	57,95819935691318	270
VEX_USDT	36,911112788644054	30,318564628341264	29
SUSHI3S_USDT	39,000939817012885	38,27319587628866	270
GOF_USDT	55,31507936973926	56,23861566484517	270
BCH4L_USDT	55,251902718929294	50,170357751277685	270
FLY_USDT	48,955409683900285	38,723667905824044	173
PHX_USDT	53,34367177297011	60,76779026217228	148
UT_USDT	41,73956636132676	41,4985590778098	270
ONT3S_USDT	37,65463234904729	31,826401446654614	270
MTL3L_USDT	37,54505558713186	33,277870216306155	223
NVT_USDT	44,12786431007732	47,0276008492569	270
CONV_USDT	61,845343455491864	65,82338902147971	230
TOMO3L_USDT	48,19705042848415	44,57083764219235	270
KEEP_USDT	56,20756099187825	48,41068917018284	270
CP_USDT	48,47626448587834	56,85920577617329	95
ICP3S_USDT	51,92478441897136	59,351351351351354	182
BLACK_USDT	51,51217763531412	54,66334164588528	195
TITAN_USDT	47,976531067856314	54,3105926808231	133
MPH_USDT	49,26526468432506	47,005520258306426	248
XPX_USDT	54,669738324338304	51,18483412322276	270
KSM3S_USDT	59,53124259408532	64,5959595959596	270
IOTX3S_USDT	71,43182171443678	72,26148409893993	90
TUSD_USDT	45,26995389897598	41,4634146341466	270
BHO_USDT	31,426964023620343	45,582163501238654	20
POLIS_USDT	55,36872778645912	58,91996142719382	62
EOS4S_USDT	34,28416502659054	35,51912568306011	270
AKRO_USDT	59,504036663117006	57,95974382433668	270
DXL_USDT	57,275071133880424	63,65464090249078	60
ATLAS3L_USDT	65,10264323006655	66,43725289207791	67
NKN3L_USDT	51,73918855610581	53,764619883040936	211
SXP_USDT	59,099802875132085	62,90393589856476	270
TMTG_USDT	53,578698690840774	35,65480696442086	270
MANA3L_USDT	50,390105216189596	56,84369701690876	223
RSR_USDT	61,73464206580018	54,04334465469835	270
DEGO_USDT	57,87560075829748	58,927977077695616	270
ATTN_USDT	63,738859563564965	68,20839978734716	270
PAINT_USDT	48,109574730313405	53,082831637948935	250
BLY_USDT	51,82773870899942	36,221273134024806	270
HAPI_USDT	43,23180406758545	29,4356562633604	232
DODO_USDT	55,91547773969616	57,555953446732325	270
MASK_USDT	56,423079250268756	64,80745341614906	259
ARMOR_USDT	60,86320637358284	47,84122562674094	270
PLOT_USDT	61,421046102678275	60,795454545454554	182
TOOLS_USDT	74,44478345057561	75,26501766784452	238
GLO_USDT	39,00129086327995	39,30336549776418	270
LDO_USDT	54,55102146827665	56,90271816881259	96
HERO_USDT	40,46764927159186	52,7710843373494	82
EXRD_USDT	71,51656623790123	76,69256381798002	231
POOLZ_USDT	64,47163880186451	67,88990825688074	210
FEAR_USDT	59,389325558977546	58,78264553183524	118
WIN_USDT	61,76235121088763	63,95698924731183	270
DFYN_USDT	61,67304536616948	67,1498802470692	180
SUSHI3L_USDT	48,13477413150326	47,987117552334944	270
DF_USDT	48,98678156401741	46,45669291338583	270
BAGS_USDT	45,1805735944899	46,64664664664665	270
NEO3L_USDT	54,82613614393406	51,9716885743175	270
ETH4S_USDT	47,090716169003755	57,21174923279263	270
DAISY_USDT	30,423870089350103	35,606820461384146	46
BTT3S_USDT	38,27622213659804	32,174688057040996	217
IDEX_USDT	46,43621790318378	45,1988926125601	270
ZEN3L_USDT	78,88579494075921	84,04255319148936	270
UM_USDT	73,1543102860584	72,24603914259086	28
PEARL_USDT	53,26261317909482	54,676434676434674	270
CRV3S_USDT	45,01563974015184	61,07423053711526	270
NFS_USDT	30,105853283814568	24,63609898107714	26
EDEN_USDT	41,39890432832185	27,934485896269337	96
1INCH3L_USDT	45,59290967903312	47,82499371385466	270
ETC3L_USDT	78,92373674693557	84,14795244385733	270
UFARM_USDT	48,570283303649056	47,64105526670517	19
CQT_USDT	43,00918220755036	29,533261802575083	140
USDN_USDT	49,60113719054418	50,71830106183638	270
CTXC_USDT	50,2913175620063	47,42574257425742	267
COCOS_USDT	53,025228346684905	55,18867924528301	270
MASK3S_USDT	36,9176129966033	30,439560439560438	75
CHE_USDT	24,807435047508335	23,353954927087926	100
PET_USDT	48,845473878635225	59,086715867158674	207
GTC_USDT	59,11377895852018	58,40590405904058	168
EGLD3L_USDT	56,11293632022032	55,33377395902181	270
AUR_USDT	55,35340720479768	55,69285083848191	243
ANY_USDT	54,0944699642601	38,57241857241858	263
REEF3L_USDT	48,609759329344406	46,28964691801317	193
DODO3L_USDT	58,28750566369792	68,04577464788733	193
UNFI3S_USDT	64,42471867554322	76,63671373555842	186
NFT_USDT	55,59440984258377	63,00847885333603	147
ETH2L_USDT	61,7254527345573	62,93333333333332	270
HOO_USDT	57,72335826083609	37,56764454571346	253
CVC3S_USDT	36,87164813674135	30,20242914979758	270
FILECOIN3L_USDT	59,5483187231022	75,27075812274369	270
XTZ5S_USDT	42,13369497776759	42,94525828835775	81
EVRY_USDT	53,64657993479206	45,498084291187745	21
AVA_USDT	46,22553571338299	47,27022006213151	270
WEX_USDT	38,17022236992899	42,63565891472869	120
BEAM_USDT	45,58679312315185	35,855988243938285	270
BTC2L_USDT	59,70777093437837	61,39028475711894	270
RENA_USDT	62,63815321247227	61,834157056562326	17
SUP_USDT	57,1164110205915	58,72098274771926	270
ZYRO_USDT	53,25897534900544	44,07599309153714	270
ALGO3L_USDT	46,681519058424506	34,13705583756345	270
WAR_USDT	58,54918708710442	63,14692601597777	195
JT_USDT	52,63364214584893	59,27419354838713	270
NULS_USDT	57,89340004022212	52,33137166138523	270
FTM3L_USDT	50,106037641480555	29,501195038821095	270
FILECOIN3S_USDT	40,339300551279464	38,02647412755715	270
BSV_USDT	62,04495338193268	56,96886951515399	270
DFS_USDT	60,71737520911701	62,00430004777831	270
LHB_USDT	45,90599851159991	45,859000684462714	270
UNI_USDT	53,35495247239388	48,049131373019165	270
ISP_USDT	72,32489480478272	75,92099659284497	97
DYDX_USDT	47,54414642901975	46,396229902051374	63
CELR3L_USDT	36,50535545089494	14,50549450549451	225
DAPPT_USDT	54,14975465538694	46,637729289869	270
DLTA_USDT	41,570354354052974	27,75114520080963	117
NEAR_USDT	56,23070145100306	35,079902981095074	270
PLA_USDT	57,83535614438422	66,43460045591769	133
TWT_USDT	55,7869798050635	57,88420738446148	270
ORN_USDT	65,37328810558648	67,96479414649664	270
PLUT_USDT	7,9696394686907155	9,523809523809533	16
NU3S_USDT	48,67775185584961	48,543087414755114	20
TRU_USDT	55,58172383822278	54,80256136606191	270
UNCX_USDT	82,35053018794753	86,67614341478824	72
BSV3S_USDT	40,34521832568436	38,26714801444043	270
MTL3S_USDT	40,96252527421379	34,254143646408835	223
CBK_USDT	53,61120302137005	49,07570422535212	125
BUNI_USDT	41,57656648602209	48,59967051070841	99
BTM_USDT	54,69434118917454	54,30227374052608	270
ADA_USDT	62,70064237744971	57,59817916329077	270
BTT3L_USDT	45,13157317236748	43,46871569703623	217
NSURE_USDT	55,92080691366452	57,04313138868112	270
HEGIC_USDT	48,50052225420329	49,80237154150196	270
AUCTION_USDT	52,79849065543061	47,75526420341677	270
OGN3S_USDT	49,17667263039041	55,36283185840708	196
CREDIT_USDT	49,99373270293731	53,644501278772395	270
ASS_USDT	58,40429503638822	58,66231647634584	183
FTT_USDT	56,7838569446835	52,01206444955948	82
PICKLE_USDT	64,15215202679684	69,33333333333333	270
CLV_USDT	55,483414134922405	60,410958904109606	117
TLM3S_USDT	55,76869288373417	58,40666975451598	117
TRU1_USDT	47,90068880908424	41,363446256796315	192
ACH_USDT	62,59909191723275	65,96856962157057	270
GXC_USDT	51,38750398490135	30,10000000000001	270
QI_USDT	66,91510953368882	67,51809280544913	260
FBT_USDT	45,88194486463866	41,828893442622956	270
SERO_USDT	29,35415707015575	18,655828707375136	270
KWT_USDT	42,12851179119531	42,94289333113056	29
RUNE3L_USDT	43,275699964698134	42,70967741935484	270
DODO3S_USDT	46,47922512828112	54,288240495137046	193
LPT_USDT	88,35605815489426	90,6353517954154	270
KAR_USDT	42,16537329032084	38,00758299325636	112
BXX_USDT	52,44947334255759	53,77358490566038	119
OCC_USDT	41,091388653932604	38,848430493273554	175
LBC_USDT	54,67341723594796	46,20253164556962	154
QKC_USDT	51,34063903087632	49,292628443782576	268
USDC_USDT	46,10026714351049	41,66666666666628	270
SUTER_USDT	51,549769283394035	41,08372196313569	270
YFI3S_USDT	41,99606435300869	46,388888888888886	270
SPA_USDT	59,7417946888067	62,722513089005226	270
USDJ_USDT	48,139634137711774	44,39799331103675	270
TRX5L_USDT	43,51251777217901	42,58188824662812	81
TOWER_USDT	57,98563582660651	62,47028620328991	224
DOGE4S_USDT	40,64820956213233	26,158038147138953	209
MOMAT_USDT	45,23537466307821	33,33333333333336	127
SAFEMOON_USDT	52,354315290289065	53,717026378896875	203
XCH_USDT	55,286382812097195	60,42635227304363	197
SXP3S_USDT	70,63838911789212	74,39839572192514	270
LOON_USDT	52,331978433015664	55,8724832214765	270
TOKAMAK_USDT	51,440046897561686	50,95862764883957	134
SWP_USDT	43,92229555389949	44,019933554817264	69
SAND3S_USDT	55,536185292259304	56,36135857461024	270
BZRX3S_USDT	61,14716147721875	71,61697247706422	270
TRX5S_USDT	34,95402218424027	31,354838709677423	81
ETH5S_USDT	60,80838102861873	64,63932107496464	270
OGN3L_USDT	51,738656768471586	52,07509881422925	196
SYN_USDT	45,37393391813038	28,91891891891892	44
SRM_USDT	48,83974884445268	49,745973832362345	82
CTT_USDT	41,10068318684361	53,14748201438848	153
XRP3L_USDT	68,46273249199041	77,13549337260677	270
BAL3S_USDT	39,6616145109899	25,293132328308204	270
WELL_USDT	39,105312740587024	53,03514376996805	45
HPB_USDT	55,384936254518564	51,41734972677596	270
EFI_USDT	82,55453853512986	83,59982020163103	91
BHD_USDT	47,0712571899987	49,63644140290849	270
FXS_USDT	84,479547181078	81,45296114291504	270
ANKR_USDT	62,43126450480815	68,01562924291366	270
BAND3L_USDT	45,36907504084597	41,52249134948097	270
MCASH_USDT	14,445401080410761	0,6257822277847396	42
BUY_USDT	54,71485743216031	48,44192634560906	174
BSV4S_USDT	33,213954110373024	37,74834437086093	270
MONI_USDT	25,199516536507886	27,223557692307708	23
BTC5L_USDT	49,97795116624245	50,59880239520958	270
OMG3L_USDT	46,833543609107195	48,14693342079371	270
FTM3S_USDT	44,341402825460406	41,36645962732919	270
PCX_USDT	43,72747807888221	39,95928967501929	270
MBL_USDT	49,37812303825397	52,43017374092808	270
LIT3S_USDT	40,7937293664967	36,409227683049146	265
LARIX_USDT	42,26055725013476	37,064527989704935	54
POP_USDT	37,661467281153804	52,324873096446694	188
XVS_USDT	53,8835522923852	49,937902224229425	270
ICX3S_USDT	68,40582914237714	78,26305220883535	270
LZ_USDT	63,15633762189332	63,696559666042894	63
RVN3S_USDT	45,99955362792437	30,458430458430456	194
FARA_USDT	46,80973287477041	40,63417498532003	77
RSR3L_USDT	50,65522398591765	41,810918774966716	270
SFP_USDT	52,71986695640601	47,41379310344828	270
NKN3S_USDT	46,294435793450006	50,51359516616314	211
SRM3L_USDT	38,84190124846849	39,18604651162791	270
SPARTA_USDT	48,09854656300579	44,781406332535816	270
LINA3L_USDT	53,7362654099123	56,75227837613918	235
LBA_USDT	57,84654191302414	59,53034461726137	270
AE_USDT	61,69728749539502	60,129293558688374	270
TLM3L_USDT	56,64729545641067	63,04739052189562	117
RACA3L_USDT	69,21841018492397	67,97430603349392	18
KTLYO_USDT	54,12847941572119	52,49266862170089	208
YAY_USDT	68,244400200456	80,09247992212217	37
B20_USDT	55,10721635621125	60,489471943556396	242
FLUX_USDT	35,51685654389148	33,54313217326917	118
ONX_USDT	54,91369227585148	54,21043568107457	270
FIL36_USDT	46,694580082076904	41,287425149700596	216
FLM_USDT	70,14786668150177	67,64705882352943	270
YVS_USDT	53,08252685055244	51,965065502183414	266
ECELL_USDT	49,49006095353336	49,08711528429838	270
YFII_USDT	52,84226243477768	48,04923825698254	270
XET_USDT	32,00477891931112	18,92103205629401	56
BSCS_USDT	83,57498375485413	84,26045709357481	167
CHAIN_USDT	49,98170566837339	61,99664429530201	103
BOOM_USDT	41,98164536746185	40,66576698155646	270
MANA3S_USDT	59,90072080304571	65,1051272593139	223
AVAX3L_USDT	58,20917275120285	57,918689320388346	270
ALGO_USDT	54,584392089653036	44,5474372955289	270
MTV_USDT	59,817445652757485	48,40641037183758	270
RARI_USDT	60,3416697375799	62,89757269767355	270
MBOX_USDT	46,031705739015585	50,49415992812217	83
HAPY_USDT	47,2236907072013	47,621313035204565	270
KTON_USDT	54,56029438797469	57,45734658737957	270
JST_USDT	56,7740233852593	56,33268827884621	270
NEST_USDT	51,70634545225278	57,45164960182026	270
HYDRA_USDT	44,134938247449185	37,21518987341773	131
OG_USDT	47,747771792226935	50,013502565487435	270
GRT3S_USDT	38,54542031774228	32,39436619718309	270
ZEC3S_USDT	41,420698503111495	32,5	270
OPIUM_USDT	49,86260312865764	55,493057666970714	270
ICX3L_USDT	43,79683792189805	43,393038188577215	270
DENT3S_USDT	36,12002246677838	33,43823760818253	225
EDEN3L_USDT	18,943533697632063	18,943533697632063	15
NEW_USDT	50,881182502632406	53,39601231966284	270
DOT3S_USDT	63,3894022710761	71,85280826339573	270
SFP3L_USDT	43,25838209515123	34,02985074626865	196
KOL_USDT	49,29266146841041	58,72442839951866	29
DYDX3S_USDT	40,84170377406664	40,41051956382297	61
PROS_USDT	41,214625191150404	46,58753709198813	270
CAKE_USDT	54,702211744490114	53,76782077393078	270
LUNA_USDT	62,18716393301515	63,02166030565719	270
ATA3S_USDT	56,89685916358543	66,6086956521739	71
KSM3L_USDT	49,305014670339474	53,34987593052109	270
GEL_USDT	46,26086339085069	35,58611273649308	57
CHR3L_USDT	56,6124881810451	60,543161978661495	195
QUICK_USDT	50,42628833001143	48,79027110888542	184
LINA3S_USDT	59,61452017484618	57,82991202346041	235
NMR_USDT	58,02340434966856	60,770667119334554	270
DORA_USDT	70,82832720988947	70,84450402144772	232
ATP_USDT	42,98607822384307	41,76334106728538	270
STORJ3S_USDT	44,00773958667747	45,73268921095008	270
UNFI_USDT	56,02450896094115	50,48173512633631	270
USDP_USDT	45,698512873738196	35,89743589743729	61
COGE_USDT	37,11962253810481	26,984126984126974	97
FINA_USDT	55,64589200628949	41,05777054515867	28
BLES_USDT	50,07833588396578	56,669960474308304	227
1MIL_USDT	47,08053483239537	49,01256732495511	194
CHZ3S_USDT	40,25127078985416	43,42431761786601	270
MTRG_USDT	64,19909155318695	63,46535380997869	270
NEAR3L_USDT	47,235921903894436	24,367900329791127	270
ONT_USDT	62,593191938983	63,740875912408754	270
LTC2L_USDT	69,96478667966943	68,04511278195488	270
ZRX3L_USDT	54,77280953199116	53,77258235919235	270
LAT_USDT	53,608995440113894	50,89094796863863	182
UP_USDT	69,6223488461246	69,98050682261207	270
LAMB_USDT	54,80567376399702	59,06207239706431	270
BLZ3S_USDT	34,94124412215015	34,802431610942236	270
CORA_USDT	49,20804202904935	51,97368421052632	55
CTSI3L_USDT	38,00856531049251	38,00856531049251	15
CART_USDT	36,47048801208747	28,308145963877635	74
ALPA_USDT	61,25631250238556	69,35711762628047	270
POLS_USDT	64,46184153134419	67,18784766280393	270
OKB_USDT	67,48467897298934	64,87871540826785	43
FMG_USDT	48,14411510089867	51,785714285714306	231
WNCG_USDT	50,12413488263454	51,66150380174598	57
APYS_USDT	55,25062094941503	58,8235294117647	226
RAZOR_USDT	43,60541861430548	33,51053907853013	270
BUNNY_USDT	42,75865708517643	45,10638297872341	212
VOX_USDT	37,21342291531518	40,30756207674944	36
GRT_USDT	73,90999287727448	62,685581832052115	270
SIN_USDT	58,19334274651704	64,16331597269071	24
2CRZ_USDT	58,60998652901485	58,58302996359563	117
SMARS_USDT	46,45909513724901	47,80719083366259	185
KAI_USDT	66,25465768029827	66,34108765983669	270
MFT_USDT	50,11328469551698	49,77031522255663	270
BNB_USDT	74,59482683714506	79,622211018688	270
ETH2S_USDT	36,034423323648674	24,761904761904773	270
XEM3S_USDT	54,84399867790493	59,847244953627936	217
COTI3L_USDT	43,14869441975572	44,00930593253199	194
DSG_USDT	14,632756782771324	37,97891919022921	30
BSW_USDT	62,30853006181939	62,27349346818373	119
YFI_USDT	52,05129429374048	37,64431191274157	270
KLV_USDT	54,84691221299559	57,623554153522605	223
EOS5S_USDT	35,95497239974624	35,18029903254178	270
CKB_USDT	61,06805159601137	59,18567793205054	270
KISHU_USDT	51,84296626462426	37,80477147601154	135
WAVES3L_USDT	33,47416970492287	5,287356321839084	270
BNB3S_USDT	30,97116169744551	18,92744479495269	270
VSYS_USDT	60,481315442408736	62,61792452830188	270
LTC5L_USDT	59,57545238036957	58,85057471264368	270
DASH_USDT	67,90045104046692	63,78867121709069	270
SLP_USDT	49,01969477363147	51,993499458288184	121
HOPR_USDT	72,84274273830249	73,07121661721067	258
BIT3L_USDT	58,057684190082234	59,82347172278522	22
COMP3S_USDT	73,4721776908459	79,72779369627509	270
OMG_USDT	56,716294187936846	58,82476649293971	270
FARM_USDT	47,38814823648631	48,66828087167071	91
AMPL_USDT	45,645307640447484	43,375767428127325	270
RLC3S_USDT	37,063575750440776	26,133651551312653	270
PANDO_USDT	39,16743280242727	50,588235294117666	270
UST_USDT	56,414419304308076	51,51515151515141	229
TLOS_USDT	43,649883581221914	33,555966725333576	232
SUNNY_USDT	36,258016891020176	35,866926522378364	62
SKT_USDT	49,26988636133089	52,92887029288705	90
BTS_USDT	57,89003267877457	55,72322414427678	270
MAKI_USDT	41,39413619023029	49,29317762753533	59
SMILE_USDT	35,548111333313386	13,920817369093243	50
HEZ_USDT	52,31156480613755	55,25876460767947	270
TSX_USDT	30,99046722476541	19,318181818181813	99
FLX_USDT	60,098191697212755	63,64757347112534	95
LRC_USDT	86,86757091802649	85,82922904374117	270
CVT_USDT	56,5139025674083	58,53474320241691	270
YGG_USDT	48,145345396875555	52,3330235309028	105
FRONT_USDT	47,99821194438316	44,89724043278789	270
ATA3L_USDT	48,07255273871571	46,0370994940978	71
SXP3L_USDT	67,71195904375634	79,90021382751246	270
SNX3S_USDT	36,96688152100101	37,588652482269495	270
EOS3L_USDT	53,805775282706406	45,80777096114519	270
GDC_USDT	35,26161058745981	36,044071353620154	34
SHIB3L_USDT	44,63947674203353	45,68871333725523	184
BZZ_USDT	39,298741756758126	42,37485448195577	142
FC_USDT	47,11318898101373	45,588822355289416	270
STORJ3L_USDT	39,7527645731369	43,36793540945789	270
EHASH_USDT	54,66735988917947	66,15067079463364	218
EOS_USDT	61,666027132833946	57,73253170312739	270
SPELL_USDT	53,06371077654086	54,289082913772226	36
NEAR3S_USDT	42,00319443895789	53,87205387205387	270
REN_USDT	44,752754984551494	30,359144167091173	270
DERI_USDT	60,14359492626518	62,90777285541682	44
PSG_USDT	41,97463606439491	40,65126050420167	89
IOST3S_USDT	42,094578176070996	41,29793510324483	270
ATLAS_USDT	68,50971566577878	73,18692543411643	62
MW_USDT	42,18421282369383	39,361702127659576	270
HNS_USDT	61,34719872583957	60,63070407412563	270
PAC_USDT	36,51374162376262	41,17647058823528	41
C98_USDT	55,32228503432883	45,868328629512156	110
PKEX_USDT	39,902465652468294	40,58408862034239	35
DDIM_USDT	64,14011818089364	68,9977973568282	55
DOUGH_USDT	51,09595022617956	49,15936952714536	270
TOMO_USDT	57,26355090857481	55,72590513208091	270
BART_USDT	48,610855906211036	45,92852958406561	270
SRM3S_USDT	75,22904293638712	80,84596967278532	270
BOSON_USDT	63,35572932386416	62,6117525835682	215
ORCA_USDT	72,15380984961052	78,53532385094627	47
XMR3S_USDT	39,083626079307905	46,42857142857143	270
UFO_USDT	63,73496568805187	68,26826826826826	36
CRP_USDT	39,963067659060485	30,888619982111834	79
IOST3L_USDT	40,83462681242407	39,38132064247472	270
QBT_USDT	43,49524805781825	11,328551750344374	270
BDP_USDT	72,441581416356	76,76457693993862	248
GAT_USDT	49,81497282997646	55,65610859728506	100
RACA_USDT	76,09999755741909	76,71571477849506	178
XCAD_USDT	82,540508651846	83,18458492402246	64
ZRX_USDT	66,01480328584574	65,23475314617619	270
CYS_USDT	44,89554391476901	37,44075829383885	48
RARE_USDT	44,08220186059819	40,23056898475269	84
FIRO_USDT	53,84478558267096	41,05677715786019	270
PROPS_USDT	45,370331944568605	31,176470588235276	270
LTC3S_USDT	28,01754890472398	30,33175355450237	270
FTT3L_USDT	41,68422628810411	30,582524271844648	270
BOND_USDT	66,52505136363192	66,9994128009395	270
ANT_USDT	61,27305324330604	61,950681251199384	270
PIG_USDT	49,398864236537975	53,16280677497408	203
BAMBOO_USDT	58,43851097355134	62,71013754457463	270
EKT_USDT	54,50879768893002	54,90552325581393	270
BTC2S_USDT	42,78760094357024	21,444695259593686	270
MOVR_USDT	53,86289712772192	52,14318455585285	75
EOS3S_USDT	33,03325764636121	35,6020942408377	270
ASKO_USDT	58,74675197120378	59,17852817977885	270
ALICE3S_USDT	46,28708425917552	51,74943566591422	238
ADA3S_USDT	32,94148702878391	38,46153846153846	270
KINE_USDT	30,47553866282452	16,84460260972716	240
AKITA_USDT	49,06584509212289	45,13122393917096	207
GRO_USDT	40,90245948565458	25,46868960185543	40
SWAP_USDT	54,94500246286739	60,26221796323721	270
EDG_USDT	56,24945547734527	55,26518309497852	270
ONE_USDT	58,46916583760174	41,11820928044371	270
STMX3L_USDT	39,90529226359129	40,816326530612244	224
AAA_USDT	40,31825650329545	51,07731305449937	27
DOGE3L_USDT	43,59346456225094	39,84430290162774	270
AVAX_USDT	69,74481159365571	67,98869472050838	76
SFP3S_USDT	44,11839366770818	41,090376875228685	196
RLY_USDT	51,18761686652061	55,884315906562854	241
STORJ_USDT	54,63751027277504	59,09148344705586	270
AAVE3L_USDT	45,272617200323396	42,02453987730061	270
ZIL3S_USDT	66,99133094061631	79,65554359526374	270
YFI3L_USDT	39,668669569235895	22,22222222222223	270
BAND3S_USDT	50,61647814045291	44,008714596949886	270
STFI_USDT	48,5971570525392	48,54085603112841	86
BTC5S_USDT	35,835226458964954	19,686411149825773	270
TPT_USDT	48,34236654172457	46,65880503144653	261
DOT2L_USDT	58,65635974404566	58,79243183082915	270
ETC3S_USDT	44,861814268723755	33,84718498659518	270
HZN_USDT	54,321459402021276	57,72058823529412	209
BUSY_USDT	48,1353939954143	47,939068100358426	196
ETH3S_USDT	29,943982427926628	24,62311557788945	270
FOR_USDT	53,37462354311372	45,2629028349891	270
OGN_USDT	60,50940987546163	60,70986380520017	270
FIL_USDT	49,88373149320179	52,8653346725303	270
DOT_USDT	64,36412792240499	63,612058276503426	270
HOT_USDT	65,23570528623475	63,731786057063076	222
DSLA_USDT	58,74121356693637	44,69580119965725	270
RAMP_USDT	49,38605571585469	49,85191718836277	270
ITGR_USDT	39,86549407705211	25,572441742654505	55
RUNE3S_USDT	60,79065222280582	64,34071222329163	270
IOTA3S_USDT	38,30584787630304	38,9948006932409	270
OHM_USDT	40,34083954866001	37,023752365351484	28
STEP_USDT	59,30392850952289	63,526400483837875	77
XLM3L_USDT	71,63208518088409	77,36298649722	270
IOEX_USDT	48,706742654024296	31,476323119777163	270
MINA_USDT	48,00065363976068	31,812725090035983	162
FO_USDT	28,76755935803736	20,11676608706688	270
GUM_USDT	65,11970071354244	67,12621645532292	159
BNX_USDT	67,57874645367511	56,975461814171496	55
MATTER_USDT	52,21863698535908	43,751218561123025	193
MIMO_USDT	50,75610362524977	47,32824427480916	252
POND_USDT	64,35202132530114	62,680347110489805	270
ARES_USDT	56,966954247567294	59,54961591076503	194
WOO_USDT	59,49560587254907	55,418187631557906	270
AXS3S_USDT	36,57140755197437	17,111459968602816	270
TARA_USDT	64,27945411094424	54,798492316613505	234
CELR_USDT	44,57388141352006	27,788795633755896	270
DPET_USDT	53,093543380276856	60,85471443323537	148
WEST_USDT	49,03781243473412	44,925396717907056	270
COTI3S_USDT	39,716105514713846	37,21649484536083	194
YFX_USDT	40,7230255867474	43,20388349514564	185
PUSH_USDT	46,16338589439539	42,02786377708979	139
BCH4S_USDT	57,489639108652334	63,70927318295739	270
NU3L_USDT	18,417153430548638	17,04834605597965	20
IOTA3L_USDT	45,34150940156218	42,07920792079207	270
KAVA3L_USDT	50,9846620024126	32,527472527472526	270
EPS_USDT	54,59138138906557	57,99999999999999	222
WING_USDT	59,778890776345136	61,397723036333915	270
HIVE_USDT	51,70086218333676	51,43222506393861	270
ATOM_USDT	50,51875123592575	31,250147566452128	270
XIDO_USDT	38,61109807638107	51,12403037478566	155
MCHC_USDT	46,216615341729494	50,52790346907993	103
NINJA_USDT	48,80862293267354	47,2750089637863	19
YARD_USDT	44,95100538747559	54,555852077773544	56
BCH_USDT	64,45246059207793	60,592635630764754	270
DEXE_USDT	47,68291466882805	42,253086419753075	270
LINA_USDT	66,7570252982944	69,40695476326547	270
COMP3L_USDT	43,73575020170915	44,62540716612378	270
GOLD_USDT	54,40146040024034	41,52124202671802	20
REF_USDT	53,41512990117199	19,71217572429461	19
LIEN_USDT	59,402193335142734	56,08651911468814	270
XCT_USDT	51,23911984559506	48,6336464560205	82
CHR3S_USDT	67,141244857188	67,87626412849494	195
VRA_USDT	53,793936045012806	43,39417237918658	270
MDF_USDT	47,04248573568204	52,514071294559095	27
FODL_USDT	47,5565275271637	39,322410441544	26
ZIG_USDT	44,137315622122365	39,71625321496722	155
MRFI_USDT	45,50622941255049	47,839629270886746	34
ALPACA_USDT	44,06909863776211	46,86405603311047	212
UNI3L_USDT	42,122505532226036	32,42574257425743	270
HELMET_USDT	48,47585730591734	53,26215895610913	270
NBS_USDT	54,67548058726659	25,74425574425574	270
DRF_USDT	47,815048415141604	49,74541751527495	96
BIN_USDT	47,63491913541099	58,237747653806046	29
JULD_USDT	55,65310193397772	57,531760435571684	270
CTK3L_USDT	42,84748599021035	31,295843520782398	270
LIT3L_USDT	42,015922359429595	35,77777777777777	265
ETH3L_USDT	54,58316801701449	56,68789808917197	270
XWG_USDT	62,516933809874146	62,585669781931465	38
SRK_USDT	53,239619992964435	54,05128205128205	239
DOT5S_USDT	43,988627066667206	50,99925980754997	270
ONT3L_USDT	50,849737232315455	52,92425695110259	270
MIR_USDT	55,76219914209109	59,19955750464225	270
INSTA_USDT	44,11865072028846	52,55908859037579	30
RVN3L_USDT	49,82665282532277	49,20782851817335	194
BTC3L_USDT	51,83371519724059	53,586497890295355	270
ARPA3L_USDT	34,18675474534324	46,80603948896632	22
HOD_USDT	56,25667485112749	55,03253796095445	145
XEC_USDT	51,67238782435133	54,67854869509868	129
WGRT_USDT	51,80370612206423	54,27631578947368	270
YAM_USDT	56,26874523280598	53,47426634555347	270
FTM_USDT	60,585835739022144	46,4144599978717	270
LBTC_USDT	40,447779011105176	40,73975871669097	270
MX_USDT	62,745990371140074	59,86165468280695	270
TLM_USDT	60,29144118529935	62,71656271656271	218
SFG_USDT	51,58015561615366	40,61302681992338	270
BCH3S_USDT	41,915948531752576	35,0609756097561	270
CHNG_USDT	47,2703473644605	42,06555057769395	73
XLM3S_USDT	47,68897465025217	40,517844646606015	270
LTC5S_USDT	35,90491255966678	33,14553990610328	270
SOL_USDT	65,83087257861939	66,293808396185	270
LINK_USDT	64,02231748625165	56,12027309896902	270
STEEM_USDT	53,037329754738444	56,653225806451616	270
INT_USDT	29,619316553163813	16,05153467222432	270
BAL_USDT	59,124126754843935	59,81768064788292	270
FET_USDT	61,851621437851215	61,53313267402418	270
THEOS_USDT	40,49595488151288	37,931034482758605	61
BRIGHTID_USDT	43,537062669054	40,03390651489465	43
HT_USDT	57,57712278367216	57,14965930265338	270
DON_USDT	43,58386771519409	42,493638676844775	243
VEMP_USDT	70,41888380410145	77,81304042112464	70
SLIM_USDT	49,28981741572029	50,648321567497476	162
INST_USDT	49,401992677461415	44,59539279385706	146
FX1_USDT	37,99767535714139	42,99908449566481	270
BCH5L_USDT	58,169220659151236	39,43541488451668	270
COMBO3_USDT	39,164700975857215	40,304182509505715	270
VALUE_USDT	52,87687683948211	53,63443895553987	270
UJENNY_USDT	53,41211365106511	57,524613220815745	111
CVNT_USDT	43,43726001389955	40,082956259426844	270
PERP_USDT	62,02797937042483	59,80106328245586	270
ARPA3S_USDT	49,28034868574376	45,81818181818181	22
SWG_USDT	42,37085968746424	43,148148148148145	159
CNTR_USDT	58,035601988363524	48,28431372549019	225
EDEN3S_USDT	59,07079646017699	59,07079646017699	15
QTUM3L_USDT	56,25790965190605	60,756040530007795	270
ETH_USDT	68,13261429165442	69,34714245820228	270
BAT3S_USDT	44,56903313627163	54,60244143846916	270
RUNE_USDT	53,72971683060362	53,30102328201277	270
AKRO3L_USDT	49,65638274697815	47,983014861995755	270
1INCH_USDT	55,144707964099865	56,96577095329495	270
ELF_USDT	44,66854656431412	48,313258533699404	270
CTSI3S_USDT	34,507462686567166	34,507462686567166	15
STRP_USDT	33,85826991608039	35,593731163351435	27
XAVA_USDT	54,382653750919204	64,31626659856997	75
LQTY_USDT	76,61791475752705	81,60283687943263	215
BNC_USDT	55,56988449976943	68,84074671583313	20
OKB3S_USDT	68,57525044788008	74,07407407407408	270
ETH5L_USDT	45,873316467477125	46,916890080428956	270
DOT2S_USDT	32,73572221846513	31,50684931506848	270
EOS5L_USDT	50,46170119015154	37,053182214472535	270
EVA_USDT	37,76937054094907	36,574074074074076	43
RAY_USDT	57,40225275357005	61,51123014505051	237
TRV_USDT	57,1508545232356	57,187176835573936	54
EOS4L_USDT	53,43982776420649	46,03750756200847	270
SPI_USDT	47,96327544724459	42,98118668596238	227
MXT_USDT	72,12777672183942	70,45696068012752	240
BSV4L_USDT	45,18120176872693	38,9776357827476	270
TRX3S_USDT	44,551729660227245	31,82624113475177	270
NU_USDT	50,86020901342867	28,86831275720165	270
THN_USDT	44,243736751930875	39,48448997845266	49
TIDAL_USDT	55,24350108973858	47,364513734224204	71
RAK_USDT	48,22935951758084	39,75903614457832	270
FLOW_USDT	43,474406450469324	54,54150369404606	246
SENSO_USDT	60,00686809306068	61,065653613871035	165
DPR_USDT	76,27148286425984	79,66759554140125	214
OKT_USDT	56,64483447701863	62,65754411235146	100
ADS_USDT	51,90488232801627	66,145187765904	23
XTZ3S_USDT	46,148371798684494	47,21030042918456	270
AGLD3S_USDT	44,12209510439694	40,37037037037037	67
CWS_USDT	58,35780262364087	64,3010978620581	270
JGN_USDT	63,01989281931635	68,15031405674681	228
SAND_USDT	63,81909962662961	69,56011543417654	270
GTC3L_USDT	48,29059405214059	47,368421052631575	151
CVP_USDT	45,12447567127593	45,56962025316455	270
XVG_USDT	59,09394676689275	63,01247771836009	270
DOGE_USDT	55,453423720150205	55,50271497826986	270
BLZ_USDT	57,68226073046707	57,079427725703006	270
AGLD3L_USDT	38,90441913717966	34,54810495626822	67
OVR_USDT	75,41382937312439	80,75062421972534	270
BDX_USDT	54,12185194848199	47,86585365853657	19
REVV_USDT	57,951626056200084	65,0303364589079	245
SC_USDT	57,23536582590954	58,17010090731791	270
DOT5L_USDT	50,63300558423009	50,77399380804953	270
FLM3L_USDT	58,6168087631482	57,240204429301535	270
BIT_USDT	67,97220481565316	69,5625	85
MKR3S_USDT	28,177379840920437	26,29727352682498	270
PINK_USDT	41,18281980838121	51,10007097232079	107
KAVA_USDT	51,73182917869555	49,91389467959757	270
HCT_USDT	49,97904666292304	58,87943971985993	31
IQ_USDT	51,02517662178168	49,20257081647228	270
PENDLE_USDT	47,45969511688425	34,928929765886295	85
UFT_USDT	45,73699169485553	41,64774570223808	270
ATOM4L_USDT	40,834992618913375	18,441971383147873	209
FSN_USDT	50,813517540804845	50,89324618736383	270
BEL3S_USDT	40,20496659284569	38,22269807280514	270
TRX3L_USDT	52,22848663640336	51,48741418764302	270
BLZ3L_USDT	49,977509071547026	46,84014869888476	270
EPK_USDT	36,779666754537665	33,03072625698324	202
AME_USDT	65,3418229449683	66,19426751592356	270
CRV3L_USDT	53,521255616464494	34,24175824175825	270
XRP_USDT	61,08435800907857	61,11092621559556	270
IOTX_USDT	59,991465064115445	64,65532893542334	270
MATIC3L_USDT	45,73405924613366	48,0672268907563	270
COMBO_USDT	62,47188583345555	61,777096897740336	270
BLANKV2_USDT	50,992483070048664	30,66713237862382	101
ONE3S_USDT	50,12522538267952	63,1646793425717	228
SCRT_USDT	61,123935000873054	58,14560439560441	251
K21_USDT	74,17629640509037	75,00372134563858	229
RBN_USDT	40,645718793570694	37,690114068441055	33
TAI_USDT	54,7697943495297	48,7815684536996	270
ALICE3L_USDT	55,70002595781034	62,03389830508474	238
NUX_USDT	72,2721181685639	72,6938625505329	258
BTT_USDT	57,659193995755246	57,87595760310629	270
HNT3S_USDT	45,13497368994363	52,99303944315545	270
SBR_USDT	44,67965183889873	51,25841900035449	62
SDN_USDT	47,03097345197509	49,825587189794355	72
XMR3L_USDT	44,29722097614202	37,6657824933687	270
RLC3L_USDT	48,38435887775053	50,69090909090908	270
KEEP3L_USDT	44,65367826170097	30,698529411764696	126
HT3S_USDT	32,95183519086129	36,08617594254937	270
TCT_USDT	55,88937848577897	52,92096219931272	270
QRDO_USDT	70,77282038961289	64,54887284410472	57
C983S_USDT	68,87084100870524	79,30832356389215	105
TRB3L_USDT	52,00321346738447	56,232686980609415	270
RICE_USDT	42,97417464808072	35,460992907801426	270
KIAN_USDT	64,37922110643332	62,17300832342449	199
RVN_USDT	61,04292888099129	61,74129944173893	270
VTHO_USDT	68,39290382074381	70,23543564186286	270
PVT_USDT	54,28094722684479	54,53408380237649	270
BAKE3S_USDT	71,72790722536216	79,24984875983061	157
POLC_USDT	67,86767829809511	72,36338411735991	186
ALPHA3L_USDT	52,32191968480508	48,40312278211498	270
BRIGHT_USDT	42,70862266124979	43,73088685015291	42
BUSD_USDT	52,639513669854495	50,0	190
CHZ3L_USDT	53,97253035355288	56,68841761827079	270
BCH5S_USDT	36,62918926045841	36,238846945779	270
DENT3L_USDT	46,14646214213719	43,18727490996398	225
XELS_USDT	45,4902628190206	54,651550516838945	193
FORTH_USDT	60,61203431336602	60,89030206677267	202
AFEN_USDT	41,98746798562665	46,34397528321318	51
MIX_USDT	52,09172419488132	56,15650670125378	217
DEFI3L_USDT	59,061072808019105	58,05739514348786	270
LUNA3L_USDT	52,00286489941777	54,127754949570416	186
IOST_USDT	50,31953459046871	51,32270884348279	270
NRV_USDT	51,34876635918684	64,34087882822902	212
ZCX_USDT	36,88562241616903	36,88562241616903	15
ZIL3L_USDT	46,8770316195554	41,25998225377107	270
DOGE4L_USDT	50,266861060622155	57,61619880349746	209
TRTL_USDT	47,97720938709034	44,49026345933562	270
NAX_USDT	53,648828865674005	29,595375722543366	270
HNT3L_USDT	81,60300631555151	83,36842105263158	270
BZRX3L_USDT	44,27672993463599	44,48979591836734	270
ARPA_USDT	64,42666578354633	65,07868337553283	270
FOX_USDT	71,02868813301558	75,83872866391997	117
GNX_USDT	50,76448480659475	24,76069398743644	270
FLOW3S_USDT	43,648928743168796	33,26149425287356	24
BANANA_USDT	46,380106801768186	57,93958171959721	67
IDIA_USDT	75,35246709223236	81,0347754252153	84
SRP_USDT	58,189391001612435	60,008517887563876	35
CELO3S_USDT	35,71491580535772	48,25174825174825	47
TRB3S_USDT	41,41995765211208	25,6857855361596	270
SKL_USDT	53,51139623917414	57,16668861670838	270
DNS_USDT	51,80856782463209	50,84033613445378	270
BAL3L_USDT	46,54917557167257	47,972972972972975	270
SPS_USDT	45,63131010606879	53,18031511379109	18
MKR_USDT	63,64721012901705	66,15301675726673	270
RAY3S_USDT	34,822473062983775	27,9424977538185	75
KAVA3S_USDT	71,79241901840658	79,51280449718926	270
VRT_USDT	54,49916582931598	55,843293492695885	167
UNI3S_USDT	36,41823164241368	38,73873873873874	270
DVC_USDT	64,06474422600442	70,8838821490468	145
LTC4L_USDT	71,0755383267882	68,04056264311416	270
WBTC_USDT	67,42912015031763	69,61031726135758	270
DOGE3S_USDT	45,10574632970965	30,400572246065806	270
QTUM3S_USDT	48,83083164312548	57,232704402515715	270
MFI_USDT	38,86872737401366	38,708487084870846	91
CRV_USDT	66,14409499977236	53,446323113016746	270
KNC3L_USDT	49,8472621223043	52,8957528957529	270
ALGO3S_USDT	39,304665188756196	47,16981132075472	270
KP3R_USDT	75,41749778867177	69,08013398608607	270
DCR_USDT	38,91895446800417	32,85277892348937	270
FORM_USDT	41,62037107643191	35,360899906259775	93
ZIL_USDT	57,590786632126495	54,33652836812309	270
HARD_USDT	64,17474237556047	65,42350033700293	245
CELO3L_USDT	32,11775974690606	20,87155963302753	47
TOKE_USDT	61,128961457260615	59,60210002763194	81
ONE3L_USDT	48,12602973451685	29,030284490669928	228
ATOM4S_USDT	38,16955860575871	53,72549019607843	209
FEI_USDT	43,707958198197794	42,590949423247594	221
BEL3L_USDT	63,745327672108345	72,88602941176471	270
AAVE_USDT	55,90873493542556	51,37678396486564	270
BTC4L_USDT	55,66850849817993	57,86290322580645	270
PHA_USDT	47,75706882751019	49,81678734887838	270
REEF3S_USDT	39,78953572070526	32,77216610549944	193
FIN_USDT	49,099903947775765	43,79947229551452	270
BIT3S_USDT	48,231126194513735	61,667488899852	22
ZEC3L_USDT	57,766293826994094	50,636363636363626	270
FTT3S_USDT	33,027913191482185	35,9882005899705	270
ENJ3L_USDT	54,53431682021735	58,162920398850765	270
OXY_USDT	60,280433049968146	58,77114870881568	162
GSPI_USDT	59,72890581744453	59,30176175852595	228
AERGO_USDT	49,66543575685574	50,58078141499472	270
OXT_USDT	64,03059638033423	64,2994652406417	270
HAI_USDT	87,5189284200292	86,66666666666667	222
INV_USDT	59,81375454802642	59,3447096389081	248
BNPL_USDT	65,44930635081585	57,17867655074676	23
LRC3L_USDT	80,42297589544775	78,01098230628432	270
MCC_USDT	44,57496500857294	40,503821115199536	270
ANKR3S_USDT	72,03965930176021	75,48774387193596	182
ONG_USDT	51,53897661861981	54,23250236911828	270
YFII3L_USDT	45,6049647369941	41,616928920238735	270
YFII3S_USDT	41,10539604745365	45,98214285714286	270
AVXL_USDT	33,60760343216124	57,93127253202424	58
DVD_USDT	40,32341244956161	32,037325038880226	107
STAR_USDT	47,677003732832986	54,06654343807764	270
MBTC_USDT	67,69185963141777	70,61696807582719	270
BTS3S_USDT	34,64557532845919	38,20224719101124	270
BFLY_USDT	49,42773099031981	55,10907003444317	253
FST_USDT	35,89467658622681	28,730615656049793	225
LUNA3S_USDT	47,276846041864374	57,16687683900799	186
ZEN_USDT	67,70511564784101	63,91038696537679	270
KONO_USDT	56,64879701735758	60,581717451523545	239
VNT_USDT	52,4972008243567	73,31932773109243	270
XLM_USDT	56,66021996249196	53,152623688155906	270
XFIN_USDT	47,941413351371715	46,34912959381045	270
OSWAP_USDT	47,422602728345616	55,90948820044674	71
LTC4S_USDT	45,03923424976499	54,85510930350788	270
KLAY_USDT	50,05269794230373	49,21658330765401	270
ATOM3L_USDT	43,86574045159518	23,449319213313174	270
XRP4L_USDT	52,41443340745703	55,29715762273902	270
HBAR3L_USDT	51,86204011665334	41,43344709897612	224
SHIB3S_USDT	46,28369812953356	49,22861150070126	184
PLUG_USDT	94,70122106997657	95,92039800995025	138
ALD_USDT	44,325150340604324	58,67768595041322	61
XEM3L_USDT	45,9489611509586	48,36363636363636	217
XTZ5L_USDT	43,07383727617664	10,849056603773576	81
O3_USDT	45,222009272316996	29,206349206349216	180
SOL3S_USDT	59,39833782520183	70,86527929901425	270
PERI_USDT	43,07880112133155	39,750000000000014	178
DVPN_USDT	51,49164734419799	39,36721991701245	223
EGLD3S_USDT	68,0661175420696	77,56410256410257	270
HORD_USDT	59,68550019505244	62,23776223776225	176
LEAD_USDT	37,68352855620094	38,181818181818194	232
NAOS_USDT	44,856511228259	50,61825318940138	83
BNF_USDT	53,20986883879195	51,0928961748634	216
LINK3S_USDT	64,03560406802917	74,8031496062992	270
LIT_USDT	54,28885634103192	49,253881831014326	270
DFT_USDT	43,853493303072504	41,057367829021366	245
MATIC_USDT	55,80664567437165	54,98784982200662	270
MASK3L_USDT	46,137914138014466	55,17241379310345	75
KIN_USDT	55,293862660631426	57,00654817586529	125
SOL3L_USDT	49,12278366415138	52,86600949251551	270
LAYER_USDT	40,46914789833434	37,71554697199613	84
AAVE3S_USDT	57,49038751012444	70,40339702760085	270
POLO_USDT	50,41859476774453	47,58620689655173	96
XRP3S_USDT	65,29026399535928	71,59400544959128	270
CSPR_USDT	57,44093061925052	57,2267920094007	183
BZRX_USDT	54,08370313558851	53,570253372820005	270
CW_USDT	35,40441937708752	43,87550200803212	64
SHIB_USDT	54,90815913841025	53,69516098663152	208
REN3L_USDT	38,563783354294486	23,05084745762713	270
PRARE_USDT	71,06405036986968	74,18589269735051	177
SUN_USDT	61,15995095649555	59,45054945054944	158
XWC_USDT	49,72870095529658	54,05228758169931	238
ZHT_USDT	35,381627110154355	35,98238222903102	21
BABY_USDT	37,07974929988309	48,66944533504329	69
FLM3S_USDT	52,934204580292004	58,348457350272234	270
MDX_USDT	33,13996536686926	27,45098039215688	270
BAT3L_USDT	62,876218488372665	62,26126814362108	270
REN3S_USDT	50,796846830462584	59,846547314578	270
1INCH3S_USDT	46,320038862059626	62,806236080178174	270
THETA3S_USDT	33,248093479362765	30,359212050984937	270
DNA_USDT	47,38307022470943	55,92105263157893	270
GMEE_USDT	44,81532955695657	50,72168449651894	209
COOK_USDT	60,93258357334714	65,5	224
MOVD_USDT	36,53045689049766	81,38613861386136	26
ZEE_USDT	53,96585326924069	59,93034367624201	270
ALEPH_USDT	59,251354431411265	66,04712910720212	270
MANA_USDT	61,33971800435248	66,65037471489084	270
MOOV_USDT	48,62136320968812	57,86709294359443	33
RAD_USDT	52,925437789575575	54,07977606717985	254
ETP_USDT	60,935933904095435	64,10911319983654	270
VET_USDT	73,24704764727012	68,74536944831706	270
BEL_USDT	56,61358440218165	54,09502126894733	270
AUDIO3S_USDT	30,521807405946006	24,69823584029713	75
TON_USDT	44,62222394866445	32,06793206793205	135
SNT_USDT	59,943526789590315	62,90763068985864	270
ETH4L_USDT	49,85893244693728	52,009456264775416	270
AVAX3S_USDT	28,156289047207636	28,784403669724767	270
BAT_USDT	70,34873183326901	69,77279263733104	270
MCB_USDT	39,19565815641751	22,723132969034594	45
BNU_USDT	68,49840238509972	72,94250281848929	126
CAN_USDT	43,50375611050815	48,06201550387596	61
SNX_USDT	53,63493813429387	51,98996444235871	270
FFF_USDT	43,755367760926774	41,6740088105727	270
AXS3L_USDT	44,86103634841627	48,745310289685705	270
CELR3S_USDT	43,99706376396695	55,46218487394958	225
MATIC3S_USDT	60,54220174447955	73,57357357357358	270
ZRX3S_USDT	31,872674570589325	25,646711012564666	270
RACA3S_USDT	37,17434521773007	41,497504159733765	18
UFEWO_USDT	56,10090220444609	60,00311866521129	107
DASH3L_USDT	56,44655382978448	53,76712328767123	270
CENNZ_USDT	65,03756847177408	68,51035404141616	270
BORING_USDT	76,78167987234053	80,68418856904464	143
BTC4S_USDT	54,13757945938097	63,657817109144545	270
ENJ3S_USDT	56,10519024287021	58,6865515436944	270
ADA3L_USDT	42,10920483145168	42,483660130718945	270
ZEC_USDT	67,75300889000022	62,53869969040247	270
MAPS_USDT	54,98760946713697	53,05701425356339	166
MASS_USDT	41,348385187179645	41,10149110149109	270
DEFI3S_USDT	31,042699590492006	28,183716075156582	270
PRT_USDT	56,99812054318101	63,63636363636363	53
HBAR3S_USDT	36,045279761114216	31,587057010785827	224
DOGGY_USDT	48,57988574730742	47,33267716535433	180
RSR3S_USDT	36,58725406264532	40,31209362808843	270
VIDY_USDT	53,546767767423965	50,785340314136135	270
WEMIX_USDT	68,58543582917902	68,26209557732264	62
YAG_USDT	24,78422445824006	44,94117647058823	68
ICP3L_USDT	65,15013886304783	75,23570081709616	182
OPUL_USDT	68,24838948783224	72,02643171806167	27
STMX3S_USDT	68,61173130324035	80,78125	224
BAKE_USDT	54,76608150858839	53,59774401892113	263
RIN_USDT	54,47512571130019	44,0064242955176	58
MTA_USDT	67,69058984038125	63,964474678760396	270
XRP5S_USDT	53,665336086053806	61,65768194070081	270
EGR_USDT	54,33680657073269	52,87356321839081	150
NAS_USDT	61,8753629263007	60,965993100049296	270
COMP_USDT	56,74741263875435	55,237918805906965	270
GFX_USDT	67,48664925935506	76,7189384800965	188
SKL3S_USDT	41,784993507556685	30,164888457807947	270
LTC2S_USDT	26,50076858602715	30,03003003003002	270
VELO_USDT	37,90119820216266	28,26797385620914	244
API3_USDT	55,35276893537956	52,24676313785225	270
ZEN3S_USDT	43,589351652699364	57,58354755784062	270
ILV_USDT	74,58861298374542	78,11124773492105	224
SNX3L_USDT	46,49684480934294	39,868667917448406	270
AKRO3S_USDT	45,060639828667426	31,066571224051543	270
OCEAN_USDT	55,22576692482893	52,82687009959738	270
OCT_USDT	49,43573373023044	37,67841893375625	72
RING_USDT	61,95230052798008	65,56312246585048	270
SC3S_USDT	37,0852266157993	30,39647577092512	211
FIC2_USDT	36,81684087564861	35,10489510489511	270
MLN_USDT	50,30087621542531	46,49710286703291	270
WSG_USDT	53,718246854384155	58,19062135748231	135
BENQI_USDT	66,26143317206107	68,32228550088695	70
BSV3L_USDT	50,04238757247508	47,5	270
TORN_USDT	40,998291456770474	28,840662478583667	270
SUSHI_USDT	53,5810687735577	54,04411764705882	270
FIC_USDT	44,65277454408301	45,23094254600075	270
QTUM_USDT	65,97915396206096	69,45893719806764	270
GHST_USDT	60,17966700830182	61,43473570658038	270
WEXPOLY_USDT	37,06145914390687	43,961352657004824	127
NEO_USDT	64,8048198072352	64,014027639988	270
PMON_USDT	48,93582543964904	48,08888888888889	222
RNDR_USDT	77,26909871375388	85,13786584968385	228
LTX_USDT	52,48789480136766	60,89618021547501	270
SHOPX_USDT	55,356185894622634	59,08059023836549	223
C983L_USDT	57,53372574177457	67,27351538794971	105
ETHA_USDT	55,550032492963055	57,59694850603941	247
ETNA_USDT	50,42498956373614	56,86578743211792	128
OKB3L_USDT	57,63950178223009	58,050847457627114	270
NEO3S_USDT	34,40170132267082	32,2556943423953	270
REI_USDT	29,68899757974927	37,66561514195583	58
DOT3L_USDT	52,730046554546945	53,7084398976982	270
NMT_USDT	61,23807018556843	68,88779203685422	154
JASMY_USDT	63,337249294802035	64,18519156757998	270
UMB_USDT	53,308696701212014	43,473884352980654	270
RIF_USDT	67,20750233766454	69,94980328313662	270
POLYDOGE_USDT	79,47528107527157	76,41300915693085	159
XRP4S_USDT	38,841846984919584	35,1219512195122	270
MTLX_USDT	45,19081883520125	40,41172294899098	270
CAS_USDT	56,836021032863535	42,25599064874343	270
LTC_USDT	74,11218117045759	71,10064743967038	270
DOG_USDT	49,52340237243209	57,19222462203024	68
REV_USDT	38,26417186152802	33,4748847367144	270
CYC_USDT	45,00374131063988	47,34788007805571	173
TFI_USDT	29,12314474820313	21,75204157386787	31
CPH_USDT	44,92385306269512	54,43796699236391	270
MATH_USDT	35,55369180951537	26,39915522703268	236
DYDX3L_USDT	37,84924840186971	32,564102564102555	61
DMD_USDT	56,97245943458252	59,673202614379086	270
UNFI3L_USDT	42,06677914849183	35,62091503267973	186
GEMG_USDT	42,94030574574004	67,76803266293663	26
XRP5L_USDT	58,433091867105325	67,9410842995926	270
SMTY_USDT	38,06507154605032	29,953917050691274	197
COVER_USDT	44,02173128764545	55,85499642260912	270
LITH_USDT	56,7130461153792	59,17159763313611	76
LOOM_USDT	52,52828815152198	55,33319579121106	270
ICP_USDT	60,72173371227718	61,74008008736804	183
IOTX3L_USDT	48,284912106797485	52,25386858039919	90
GTC3S_USDT	39,85329932768992	32,814814814814824	151
ETC_USDT	63,64510046864682	61,04294478527607	270
MTR_USDT	60,748968485904435	63,707836672584335	270
BDT_USDT	58,301877720588124	58,608205953338704	195
CTK_USDT	52,77386857177046	42,35237173281705	83
GTS_USDT	33,515682267769066	22,72727272727272	270
ALICE_USDT	57,87288258062065	59,72069911959505	222
XEND_USDT	63,1961918273006	58,20695807314898	232
BETH_USDT	68,1648072825289	69,34297225964148	270
KCS_USDT	68,70040075791334	66,75567423230976	201
LINK3L_USDT	53,136630517943054	46,505376344086024	270
PHM_USDT	43,091219978991425	43,05750350631135	63
ICP1_USDT	48,25024791352083	41,426611796982165	186
SAND3L_USDT	52,299178708751505	57,959990872442376	270
KNC3S_USDT	35,896011376963884	25,512995896032848	270
XMX_USDT	56,66000360048712	59,65858041329737	270
BTC3S_USDT	33,90376272570835	20,46035805626599	270
KLAY3L_USDT	34,01839261146701	37,31077471059662	29
VET3S_USDT	39,61957981959949	31,123686337914307	270
FLOW3L_USDT	30,587920139240325	44,03892944038929	24
BTS3L_USDT	51,54326886241515	46,680642907058	270
AXS_USDT	62,27407749196133	65,64136658435322	225
MARSH_USDT	56,28865473294132	44,608223429014735	85
ARGON_USDT	59,7103078635533	54,17667467307178	224
STND_USDT	50,07518025507965	36,099889827396254	54
WITCH_USDT	66,84666881018919	68,63354037267082	113
CTK3S_USDT	39,49169252122325	44,32098765432099	270
BCH3L_USDT	58,74414088794056	54,027664768104145	270
MM_USDT	47,8711592730325	46,0820895522388	111
ARCX_USDT	33,945524043888724	36,03818615751789	80
TRIBE_USDT	87,68551894595976	93,74786470789208	221
MDU_USDT	34,57073520536933	39,99999999999999	270
APLP_USDT	45,477056000885234	18,823529411764696	270
CFX_USDT	50,37103668571006	48,994378513429105	270
ODDZ_USDT	64,50450829515718	67,38894907908991	162
BNT_USDT	68,98449652051897	69,36329588014982	270
GRT3L_USDT	70,78171296460089	55,549626467449315	270
SKL3L_USDT	47,37943193461031	47,014456316781896	270
KLAY3S_USDT	33,687638115786115	34,94505494505495	29
STARL_USDT	56,71747214731058	64,86486486486487	28
ANC_USDT	66,52085638510175	66,3235294117647	238
AUTO_USDT	50,99307557114796	53,2865907099036	222
XTZ_USDT	47,72229831912784	41,704591832805846	270
GENE_USDT	52,06383948404969	54,261707775973605	270
LTC3L_USDT	69,73463938259437	68,35607537361923	270
KDG_USDT	90,03572605723426	91,63701067615658	150
ATLAS3S_USDT	40,51624948294452	37,10099424385138	67
MKR3L_USDT	56,2968761964223	57,37253100597151	270
ONES_USDT	56,375963324534425	53,361344537815135	270
DASH3S_USDT	30,37455084176453	33,175355450236964	270
PNK_USDT	48,23413450237326	40,09691096305268	270
UNIC_USDT	37,44623403565147	48,462386940216184	114
SSV_USDT	40,099997376723444	51,37872819358469	22
INSUR_USDT	57,79463565294669	60,04105371193979	223
ATOM3S_USDT	40,85881052535637	57,865168539325836	270
TRX_USDT	64,50123596802928	61,794264425177666	270
BP_USDT	35,50085669650471	44,317114409167765	80
VET3L_USDT	66,91364114963788	62,63636363636363	270
BETA_USDT	36,47390207878131	47,24342922290763	33
SKILL_USDT	47,85376125600396	52,12947189097105	111
ZKS_USDT	53,8941472222191	58,18008877615724	270
TOKAU_USDT	50,3736226138717	47,193642233733065	138
GALA_USDT	50,45519981282982	50,09656237929702	156
RAY3L_USDT	60,68126614961221	71,19691119691119	75
WNXM_USDT	73,44008585877944	71,46083193626504	270
CVC3L_USDT	40,297010784587876	35,45310015898252	270
OMG3S_USDT	56,351529143808996	59,10588235294118	270
BTC_USDT	67,17086482027025	69,2116804354989	270
PBR_USDT	75,07815707879155	75,58075772681954	258
MEPAD_USDT	53,66637227924029	49,19323101141283	187
FILDA_USDT	50,18452745784499	46,84684684684686	270
BRY_USDT	59,85042909418114	63,05208650624429	221
CNS_USDT	67,87254846289474	77,63848023538442	270
