btc_usdt	66,98125692104986	68,93935408858681	270
bch_usdt	64,22800929338942	60,40507617904802	270
eth_usdt	67,90735905650924	69,06297523272463	270
etc_usdt	62,453455613783646	60,03753899954008	270
qtum_usdt	64,90205776859099	68,53695901953274	270
ltc_usdt	73,8119166451201	70,84360705358208	270
dash_usdt	67,20178153419859	63,1009852658782	270
zec_usdt	66,25186734083844	60,930957780879275	270
btm_usdt	54,97200105338042	55,503206904743045	270
eos_usdt	61,024491678348845	57,028010921225615	270
req_usdt	52,04143294881675	52,648058686706015	270
snt_usdt	60,38051923376265	62,873473629514145	270
omg_usdt	57,097873497507784	59,151872238157985	270
pay_usdt	57,49998474718855	60,525504225004624	270
cvc_usdt	49,614641138694815	49,85768500948767	270
zrx_usdt	66,36757305003282	65,49149222671072	270
xmr_usdt	52,04470241610819	45,80505279034692	270
xrp_usdt	59,91124120249017	60,09188621527115	270
doge_usdt	54,58183318447738	54,83169291226988	270
bat_usdt	69,4479764063296	69,2360429536401	270
pst_usdt	60,0318596566726	62,983091787439605	270
btg_usdt	55,54432446766056	52,107078396683264	270
dpy_usdt	54,932007336446425	58,60474205315269	270
lrc_usdt	86,90123575096017	85,84659584924205	270
storj_usdt	54,46202464566972	58,874131640761654	270
rdn_usdt	56,54177114496866	61,225033288948055	270
knc_usdt	56,06533907525435	60,15831134564643	270
link_usdt	63,022125962257604	55,17180859732478	270
cdt_usdt	79,21297672762263	100,0	270
ae_usdt	65,23152953800965	62,49490419894007	270
rlc_usdt	57,47839231016213	60,3572408118486	270
rcn_usdt	35,29215336808697	26,40449438202249	270
trx_usdt	63,56372373416763	60,98899815467987	270
vet_usdt	72,90318606978191	68,43820940077669	270
fun_usdt	51,94110685948287	48,320000000000014	270
data_usdt	53,626384159835034	54,02798789712557	270
zsc_usdt	63,33983783769746	66,25119846596357	270
mda_usdt	44,38498884010361	42,52790781418795	270
xtz_usdt	46,979839681221804	41,0569229713135	270
gem_usdt	49,008080488966975	54,728618421052644	270
rfr_usdt	49,78736094247674	47,21372522941881	270
abt_usdt	62,958739792711334	64,66787805370484	270
ost_usdt	48,4772492982196	35,42636903806006	270
xlm_usdt	56,03770931724258	52,49522574136129	270
mobi_usdt	52,43905199198051	47,21159974506055	270
ocn_usdt	57,56579232990257	58,40188014101057	270
cofi_usdt	49,39190424389489	36,344200962052376	270
blz_usdt	57,6627826284716	57,15178013741413	270
gxs_usdt	51,44465723604512	30,571705426356615	270
mtn_usdt	67,34310152044011	70,79853862212943	270
ruff_usdt	54,91689464938391	55,053819900236284	270
tnc_usdt	67,35932622932333	71,9138630710826	270
zil_usdt	57,024228383461136	53,872857452809725	270
bto_usdt	62,77277278276356	65,10121457489879	270
theta_usdt	64,00873170913843	60,710368951836045	270
ddd_usdt	66,12850739646748	67,03539823008849	270
mkr_usdt	64,02726098264463	66,4328270408584	270
dai_usdt	55,901478133577534	65,11627906976697	270
smt_usdt	58,183706466548834	61,94396302715194	270
mdt_usdt	53,2372468788911	56,89497716894977	270
mana_usdt	61,42900882077677	67,31694998817545	270
salt_usdt	52,44693114795999	55,19480519480519	270
fuel_usdt	53,98591432052185	50,13434841021048	270
elf_usdt	45,34407303120356	48,250853242320815	270
drgn_usdt	68,17209091673803	78,52327785970087	270
gtc_usdt	50,97910673349987	56,64928292046933	270
qlc_usdt	56,65702962353941	52,123287671232895	270
dbc_usdt	70,78255540275191	88,74797625472206	270
bnty_usdt	55,39281546819919	65,7668649280667	270
icx_usdt	51,92362958495225	53,06316869412283	270
btf_usdt	62,2730241715959	81,47157442640247	270
ada_usdt	62,04568775762666	57,007849968959015	270
lsk_usdt	54,188890469020485	46,736234458259325	270
waves_usdt	40,42280904064476	14,21575653337166	270
bifi_usdt	53,78878378420434	56,65851338497079	270
mds_usdt	56,53753081814702	54,58536585365853	270
qash_usdt	56,74254674707002	56,636790439607346	270
powr_usdt	59,09848602589904	61,640346408558344	270
bcd_usdt	54,06686828506907	51,9723865877712	270
sbtc_usdt	51,61211743326021	50,141542816702035	270
god_usdt	67,68667274636256	72,61653855690554	270
bcx_usdt	59,15080464635284	60,5933605382155	270
qsp_usdt	54,157541622190344	55,764002175095165	270
ink_usdt	67,27278729186614	70,09735744089012	270
qbt_usdt	64,50084781261191	66,46820671588475	270
tsl_usdt	52,11805186446984	50,13640497120339	270
gnx_usdt	50,679559283762764	25,23567802755619	270
neo_usdt	64,21900579221621	63,5770354143848	270
gas_usdt	50,44489176066772	51,17289313640311	270
iota_usdt	54,51703096581351	50,934822124123606	270
nas_usdt	62,31868986657046	61,36012364760431	270
oax_usdt	56,37670756615941	58,10635538261998	270
bcdn_usdt	59,14026233948031	69,76160602258471	270
snet_usdt	61,376007598255164	64,37572805252567	270
bts_usdt	57,29230125253989	55,11384170581857	270
usdg_usdt	51,613777341873146	46,21409921671015	270
gt_usdt	78,22009374850923	79,38278614608731	270
sys_usdt	64,18248113045317	61,179173047473206	53
atom_usdt	50,03428524541776	30,57322936911126	270
nyzo_usdt	48,823619800129244	47,147514262428686	199
scrt_usdt	59,709927888029725	47,70180982476301	202
eth2_usdt	69,92220527289594	72,75224775224777	270
hard_usdt	63,389658987494194	64,82974910394265	270
kava_usdt	51,86084573998322	49,943741842567164	270
iris_usdt	61,092408712548306	57,97556142668427	270
ant_usdt	61,186370994822816	61,29807692307692	270
ankr_usdt	62,285467729285756	68,03426033625885	270
stpt_usdt	45,818785972359734	29,112662013958158	270
rsr_usdt	61,57815957126973	53,73312152501986	270
rsv_usdt	35,6046371975509	33,84615384615378	270
kai_usdt	79,45792531791318	79,53608967619729	270
ctsi_usdt	55,886696937448804	50,37573805689748	270
comp_usdt	56,58458362284672	55,19048085398099	270
ocean_usdt	54,91479721659286	52,56653992395437	270
sc_usdt	57,04234908712809	58,00847457627118	270
ksm_usdt	62,1189420753403	63,8514499615241	270
firo_usdt	54,369333811965	41,658504733920985	270
dot_usdt	64,12725703581945	63,4424298596227	270
mtr_usdt	57,85832493060984	60,505514119971956	270
mtrg_usdt	66,2591338636304	64,10626834961735	270
sol_usdt	66,04062350864504	66,54207060318097	270
coti_usdt	51,03456177238242	51,23620797815419	270
ampl_usdt	46,034188558062695	43,17488245108448	270
digg_usdt	60,90830007267062	69,52531957740955	270
grap_usdt	79,73462636480039	82,2895372607322	270
wnxm_usdt	74,14463419928755	71,71978179730118	270
luna_usdt	61,8713175994943	62,40137949834694	270
avax_usdt	69,61472122987318	67,79285871076314	270
fsn_usdt	50,984240186812	51,01955888472743	154
chng_usdt	47,335075285934444	41,63240131578948	144
bzrx_usdt	54,17413490048698	53,6267081147594	270
pcx_usdt	45,31869893802045	42,67327676613594	270
yam_usdt	56,28103691784159	53,22796678274846	270
box_usdt	46,72895771179407	41,92495921696575	270
crv_usdt	65,53000877617168	52,61554025711253	270
uni_usdt	53,29167670540128	47,9951884522855	270
sushi_usdt	53,44946555192412	53,92401430526735	270
aave_usdt	55,81344293625212	51,23834135006896	270
pols_usdt	64,0316838174429	66,54228061724884	270
erg_usdt	54,289592514011325	58,877633121472556	270
gof_usdt	54,86797902283391	55,226209048361916	270
bnc_usdt	55,30137115229985	68,70952821461609	20
kar_usdt	42,088338940788226	38,23618149412509	113
sdn_usdt	47,17605192386581	49,81956575491683	72
rmrk_usdt	70,65271005692145	71,26522375085833	42
movr_usdt	54,183495196307724	52,32716748066738	75
pha_usdt	47,74297304717833	49,670379631734484	270
sashimi_usdt	50,78843063090646	51,11027474595408	270
farm_usdt	47,58516615523573	48,9755452742895	270
swrv_usdt	49,18359883565472	49,85561056105611	270
razor_usdt	43,697312334307114	33,01970008820935	270
auction_usdt	52,8241185707974	47,74030073938689	270
ulu_usdt	54,90904479932862	51,89437428243398	270
oin_usdt	51,41811051226239	42,27567067530066	270
ags_usdt	56,1504788187417	59,22982885085576	270
adel_usdt	70,49402775587407	73,15753887762003	270
ton_usdt	80,35606574851899	85,09354254677126	270
kimchi_usdt	80,6334958901917	85,96689240030096	270
kton_usdt	55,727287405632566	58,82717964629227	270
ring_usdt	61,897047811914966	65,45876887340302	270
mini_usdt	51,053024546513846	37,45218056618211	270
cream_usdt	28,796986408671202	10,139522033430026	270
jgn_usdt	61,863030576451905	66,68411684640351	270
dego_usdt	56,40567572267002	58,58471751530621	270
rfuel_usdt	72,40776297579465	71,71689387818253	270
sfg_usdt	50,670537614700024	39,63011889035666	270
nest_usdt	51,92935233738881	57,997630331753555	270
core_usdt	39,26107760799877	39,05554608506256	270
near_usdt	56,14597124358724	35,63777011687547	270
nu_usdt	50,83963960611977	29,01171152660777	270
stake_usdt	76,65761660491846	80,75263015915837	270
arnx_usdt	50,33338964879555	54,344713241389705	270
tru_usdt	54,95165644439515	54,30011862396203	270
rose_usdt	60,76781121898523	63,54714961191898	270
badger_usdt	58,55849483059653	57,88024404729766	270
cover_usdt	49,2339541600734	52,60178532549532	270
glm_usdt	51,80548347810741	51,3351933041052	270
base_usdt	54,83176918332803	56,56018432031882	270
pickle_usdt	63,913180996433375	68,01307740982915	270
hegic_usdt	46,65543510103651	47,88557213930349	270
gth_usdt	54,91645379377408	57,06166765628977	270
dusk_usdt	75,68445123418913	80,03838771593091	270
88mph_usdt	49,436112645573274	46,83024037862747	270
unfi_usdt	55,777909808653654	50,47633224173861	270
flm_usdt	69,53412806262449	67,01860231271995	270
ghst_usdt	56,841878653984075	57,82049738062262	270
loon_usdt	50,21531567864906	55,65862708719852	270
ach_usdt	62,96980691404076	66,44040858897736	270
duck_usdt	39,73960377530244	47,325102880658434	270
grt_usdt	72,79926361361954	61,52687165384278	270
esd_usdt	37,94449098551209	29,425981873111766	270
aleph_usdt	59,45118703523822	69,52211252189959	270
frax_usdt	50,81952260955497	52,91970802919708	270
fxs_usdt	83,6752663564904	80,90134104392044	270
boring_usdt	76,92999792497336	80,82534389328887	143
rook_usdt	50,92923016121326	43,739417164245616	270
bac_usdt	48,49033324778497	53,07539682539683	270
bas_usdt	53,79769658722323	66,04600219058051	270
lon_usdt	51,42515098494677	52,3947750362845	270
maha_usdt	55,6467976076345	49,08704238189275	270
wozx_usdt	47,638363175230694	39,1389432485323	270
far_usdt	40,42503058163297	18,231771750616403	270
pond_usdt	64,24168554566452	62,62174256383258	270
1inch_usdt	54,958953024510116	56,802738990615644	270
dsd_usdt	44,72804645124461	18,44512195121952	270
octo_usdt	54,861440674821786	49,24817032601464	270
share_usdt	51,684367596568535	51,27401019208153	270
lina_usdt	66,04298228364158	68,71628910463863	270
onc_usdt	57,54000745899792	67,44639376218325	270
ons_usdt	61,2735469206046	63,12481730488162	270
zks_usdt	54,215626343244395	58,45209944398285	270
frog_usdt	60,907629892483264	60,11649491134865	270
mis_usdt	52,22885365549001	54,99207606973059	270
white_usdt	48,9163501414358	47,61704366123093	270
onx_usdt	54,70725826509561	54,93485342019544	270
matic_usdt	55,8245833094885	55,16201769978205	270
rif_usdt	67,16152912967988	69,52380952380953	270
cru_usdt	50,34697052910536	53,81459670482367	270
props_usdt	43,77781905569048	28,067484662576703	270
bifif_usdt	34,42510846508698	27,12196030932637	270
layer_usdt	40,65259115208824	37,42519137091163	270
yfdai_usdt	47,27968230155697	18,129160838425392	270
qnt_usdt	39,523705674815254	22,47614382471241	270
armor_usdt	60,42467863020778	47,34006734006734	270
yop_usdt	64,89388893257906	58,90331300685233	270
bfc_usdt	40,900756162371735	35,29895981441294	270
bonded_usdt	57,189626832790516	52,73841440061279	270
stmx_usdt	51,79360948184494	54,34123847167326	270
room_usdt	60,04274873733904	63,86847861657969	270
gdao_usdt	57,364078238351254	60,82575954297585	270
unistake_usdt	43,57684433397793	48,99749373433583	270
bond_usdt	66,25877502044796	66,84222846441949	270
fxf_usdt	46,83237188989223	49,64654703643284	270
crbn_usdt	50,21613594424652	55,42521994134897	270
torn_usdt	40,76813462933543	27,18978102189783	270
strong_usdt	47,60731685975842	26,587674548988147	270
umb_usdt	53,22123598067707	44,614330851322386	270
nux_usdt	73,53754763858083	73,6996644295302	260
jasmy_usdt	63,474981917657445	64,38766786190567	267
fast_usdt	51,02501230872897	57,08362128541811	268
bel_usdt	55,9980877024704	53,40566606389392	265
oxt_usdt	63,30258473816572	63,580324833796176	263
sand_usdt	63,94525537101036	69,73938128414218	263
pool_usdt	41,19072403517355	30,033745781777284	263
amp_usdt	58,12983180583286	61,851309581909874	262
hot_usdt	64,59114722998063	63,14108098773959	262
bondly_usdt	58,19319698423293	61,41165987780041	261
tpt_usdt	48,616401733468926	46,96435566000784	261
bmi_usdt	73,34687849535561	74,26799862211506	261
lpool_usdt	44,78541718398499	36,43415514131089	260
super_usdt	75,75224787176774	81,41826613422646	260
uft_usdt	44,99098086635357	40,19834710743803	260
ray_usdt	57,35583381106618	61,43497757847533	260
atlas_usdt	70,11539016314885	72,36989587688387	41
polis_usdt	57,72521775477216	59,23064943155271	41
orca_usdt	65,74725895502198	71,666349629066	41
wag_usdt	48,039528155752635	53,50774279294684	33
sny_usdt	45,12509596779819	56,434865577818925	58
cys_usdt	46,159075684546586	37,242768433694714	62
crp_usdt	39,48781538159152	29,63736837764276	79
slrs_usdt	71,14880830735208	86,109418466022	127
slim_usdt	49,40233342700788	50,330715915388545	162
like_usdt	68,48271971481768	72,8446884081369	98
port_usdt	53,77256256444695	57,90301529399953	48
prt_usdt	57,18388587999737	65,33672172808133	53
larix_usdt	42,16217403451418	36,383130644135136	54
sunny_usdt	36,04888185815316	36,33409164770881	61
sbr_usdt	44,73915825568145	51,18163887394656	61
mngo_usdt	69,2021358127358	73,39391691394658	60
tulip_usdt	67,2791376010826	75,66029881123086	60
step_usdt	60,07037736687233	63,67499648568864	187
mer_usdt	29,576969075075397	31,784960207893477	173
fida_usdt	61,153694480704	61,048234977095106	196
hai_usdt	86,21949564751856	85,23601092774142	258
aqt_usdt	53,93058140183421	59,10342115611482	257
ehash_usdt	53,145337128881565	64,14300736067295	252
pbr_usdt	72,82474397463913	73,60391819607992	259
mask_usdt	56,16598506485416	64,38026618153964	258
hopr_usdt	73,7641526473791	73,44992050874404	258
polk_usdt	66,66312604613987	69,91348529142081	258
prom_usdt	51,98640495261216	48,13537046163956	257
tvk_usdt	75,37050232339175	77,09979718861459	257
matter_usdt	51,47180217922137	44,62867818776274	255
a5t_usdt	55,007154511383476	61,46788990825688	254
slice_usdt	76,30549225346775	80,09840098400984	253
cudos_usdt	63,94703514772367	71,4013821230316	253
muse_usdt	64,47108143681646	60,400763358778626	253
combo_usdt	61,572789022398055	61,794871794871796	253
dyp_usdt	70,75493729353342	75,4935090351621	252
dows_usdt	48,413706285872586	49,968364441632396	252
apys_usdt	55,21141680293612	58,839611178614824	252
kyl_usdt	59,474088545303566	64,39488609055081	251
udo_usdt	74,53589358198182	77,23054960742327	251
exrd_usdt	71,89500425468526	77,1943194914309	250
yield_usdt	54,80215745698446	53,44615384615385	250
utk_usdt	59,30910382350816	59,95226730310264	250
aergo_usdt	49,947080543633675	50,60561857751266	250
etha_usdt	55,76686366624702	58,21428571428572	247
inv_usdt	60,18299395197334	58,952454176989306	247
aln_usdt	61,24286701360634	60,05784526391902	240
vra_usdt	53,314047278779796	43,20569807321747	245
audio_usdt	63,12757249017368	64,83926719668165	246
perl_usdt	59,20740534466488	58,077281191806335	245
chr_usdt	68,2323611263512	71,79443788642986	245
bamboo_usdt	58,26998132009663	62,60914227015922	244
hapi_usdt	43,16342965365225	28,532354210117433	245
blankv2_usdt	50,59467260741061	31,358281358281374	103
blank_usdt	35,11221187761079	100,0	243
msol_usdt	66,13295210864902	66,13295210864902	15
oxy_usdt	59,8342216213368	62,10959681998863	239
ern_usdt	64,80395769290695	70,20057306590259	244
bdp_usdt	73,06699479992244	77,31139855890268	243
kine_usdt	31,60403743045039	17,38636363636364	240
cgg_usdt	53,8854623644726	55,76745212620604	241
fet_usdt	61,615766338019036	61,49068322981367	240
wrx_usdt	63,34188494195854	61,513342041425645	240
uos_usdt	69,33495917373553	74,23427053056683	240
unn_usdt	43,81246088989872	42,872117400419285	240
alice_usdt	57,77004411896491	59,64355319122856	240
rndr_usdt	78,69772854127191	86,5843025205575	238
zee_usdt	52,9193759090112	59,17256714845808	239
kono_usdt	56,004497069607396	61,0371808784054	238
polc_usdt	67,73140332018308	72,26197168702407	237
bcug_usdt	62,14368893075154	63,865096359743035	238
xed_usdt	63,35921261937338	66,43200068892764	237
pkf_usdt	53,610698787551286	57,31934337451346	237
rly_usdt	51,39820436457383	55,96116852324072	237
ust_usdt	58,98061163081573	54,11764705882451	232
anc_usdt	66,38845714610113	67,3543222230775	237
pnt_usdt	51,045330140021	40,10737508555783	236
dafi_usdt	79,81356014629984	90,67554709800191	236
chain_usdt	49,233384643365305	62,70903010033444	236
fire_usdt	56,94152744958556	55,875299760191844	235
math_usdt	26,966393763485357	12,92134831460669	236
tara_usdt	64,1586386338388	54,90916986745931	233
vsp_usdt	57,034161654012756	55,81666666666667	234
pcnt_usdt	62,585304246864155	69,98746867167918	233
arcx_usdt	43,041800888799436	32,53775915235971	233
dg_usdt	62,226370077184605	60,88677111936683	233
dora_usdt	70,78078231501647	70,72516863998288	232
spi_usdt	48,64901506126785	43,93684917702386	233
str_usdt	59,14602493080847	58,94039735099338	233
bank_usdt	53,57461305843334	31,088229071161578	232
dent_usdt	56,70685647769282	56,09849207864096	232
atd_usdt	62,91508457014659	62,599873176918194	231
shr_usdt	44,14763882916593	41,63767295088599	231
umx_usdt	42,325418612111754	41,277860326894505	231
conv_usdt	62,02214614792107	65,22033898305085	230
tidal_usdt	55,521652850634254	48,28182082852017	230
k21_usdt	73,8180599822564	74,95188236199863	228
labs_usdt	62,98164444423534	69,05616911714885	228
oddz_usdt	64,24945650804013	67,45058918885218	226
ogn_usdt	60,620893051056875	60,82484829785046	227
ess_usdt	66,33923290468897	67,44823386114496	227
bles_usdt	49,50437033767654	55,989974937343355	227
poly_usdt	47,45847892872119	47,49899959983994	226
ovr_usdt	78,49232776148925	83,10913653379407	224
mrch_usdt	50,28885709871501	46,585365853658544	225
hget_usdt	71,14597916663705	72,92682926829268	225
dsla_usdt	58,55274618265786	45,70815450643777	225
noia_usdt	56,6668525659365	59,0171811057541	225
revv_usdt	57,57857898564927	64,64951925207143	225
cook_usdt	60,44416971401298	68,11145510835914	224
axs_usdt	62,16956112660931	65,39758453457287	225
cfi_usdt	53,662202392220166	61,680277159119036	225
glq_usdt	55,314980793606935	60,01405657772535	224
mtl_usdt	53,868572668232474	54,519349996736935	224
alcx_usdt	58,11894310093095	55,38464909397664	224
fst_usdt	36,37048809044149	30,220574941240287	224
rai_usdt	69,1046006270889	78,10945273631833	224
ame_usdt	64,88103031944671	65,70121951219511	223
nmr_usdt	57,69529219112652	59,894355093030605	224
stn_usdt	52,69759911792099	60,89411764705883	224
pmon_usdt	48,35985268228344	47,95397352201028	223
shopx_usdt	55,38332810056401	59,48669031508034	223
marsh_usdt	55,10187432670795	43,27672327672328	223
shft_usdt	61,264800102117846	64,73906911142456	223
insur_usdt	58,42499012405425	60,45197740112995	223
rbc_usdt	50,04975838721377	40,83161640756697	223
xcur_usdt	70,84777800092064	65,49676025917927	222
vai_usdt	44,94715899993844	32,49116663018668	222
orbs_usdt	52,763507314209306	57,04062788550322	221
fei_usdt	43,395165534324775	45,40540540540544	220
tribe_usdt	86,90053357894205	91,20950888192269	220
xend_usdt	63,701829018698824	58,27755466309683	221
key_usdt	59,2259218846015	57,741347905282325	220
adx_usdt	55,11646544205635	59,42974141199666	220
mft_usdt	50,163520923026255	49,60753532182104	220
suku_usdt	58,37770757702052	54,57378359999103	218
xor_usdt	43,40010080844723	41,93428209522391	218
lto_usdt	61,889318651532236	62,010836845273936	218
bepro_usdt	62,20822215369341	54,705463615651766	218
totm_usdt	61,67119539526689	60,02148227712138	218
sake_usdt	45,12682747608261	41,4212703820881	216
bly_usdt	52,56955266151447	38,283607106939314	216
aioz_usdt	60,46235201868816	63,64898210980876	217
lkr_usdt	67,5143974969722	67,08355508249068	216
tshp_usdt	51,46803506836559	55,23306948109059	215
pnk_usdt	47,7404347418502	42,097186700767274	216
boson_usdt	63,77497556151321	63,117216483255675	215
raze_usdt	69,37405170911678	70,298769771529	208
l3p_usdt	68,87251835307298	70,12987012987014	215
duck2_usdt	57,37072443077666	58,58725761772854	214
rfox_usdt	59,124624251551886	64,26220737954736	215
cel_usdt	41,05274460646941	37,26984126984127	215
ktn_usdt	73,17366561309518	78,26339199381164	214
ddim_usdt	65,57602452698092	70,51206592113007	213
mofi_usdt	62,37179982860036	59,21638468388245	211
fly_usdt	49,06321857026976	39,52077646345163	208
any_usdt	54,13183350495648	39,812875296746256	211
tlm_usdt	60,22798608657307	62,47656702682437	211
dfl_usdt	28,31617809963666	20,84432717678098	209
ddos_usdt	69,8117959156367	72,6850759184958	209
dhv_usdt	52,28723142319742	54,1899441340782	204
gs_usdt	54,19664438378325	58,493589743589745	208
shib_usdt	54,865226853951434	53,60100190018795	207
rage_usdt	58,38843099571061	61,72923777019341	204
ram_usdt	68,44491882538965	66,2883220219986	203
akita_usdt	49,28955005666633	45,17322155098015	204
cti_usdt	50,81391231278122	42,21311475409837	202
forth_usdt	61,540711918207386	62,016949707143084	202
lemd_usdt	62,22037287235372	64,378612716763	202
cards_usdt	45,36454676026327	50,91352009744215	202
ilv_usdt	74,31651257866386	77,42221404498648	201
hord_usdt	59,07075659551327	62,83212379295868	201
xmark_usdt	54,38032459883493	60,36866359447004	200
wbtc_usdt	66,79291412223796	69,22354033387525	201
moma_usdt	61,69150711943324	68,96755162241888	199
ares_usdt	55,85135362845091	58,731049971925884	194
alphr_usdt	54,125575286669836	57,47693174614355	197
boa_usdt	57,92309086132039	63,22804392914215	197
renbtc_usdt	67,92307578591777	70,09178189910514	198
susd_usdt	38,959781399812094	35,91160220994469	198
sfi_usdt	46,43598909203261	39,392218717139855	197
smty_usdt	37,61556283581399	34,13309636650868	197
tcp_usdt	45,319815188594895	40,93754292329729	195
quick_usdt	50,214485081351306	48,60165073425517	196
black_usdt	50,92274713696382	53,77988108239292	195
bdt_usdt	56,78458200748663	58,102766798418976	195
ez_usdt	41,96945576098437	37,20776269798078	194
stnd_usdt	50,142319092505936	35,801366006511785	195
vso_usdt	55,80858270940711	59,94259130951203	194
klo_usdt	55,89941241871374	58,52757802694484	44
xava_usdt	54,40477358991139	63,98777833611515	133
joe_usdt	51,719375936502196	44,75036969227519	67
png_usdt	66,86870642439516	66,85976345643253	146
hct_usdt	47,43205639402034	59,22905856189771	26
benqi_usdt	65,38346393619523	67,4208104681779	77
locg_usdt	57,578454192840695	47,263587810241916	191
orao_usdt	49,65530490072059	55,75273587695948	191
wsienna_usdt	48,39493341157716	35,11885312296637	189
wiken_usdt	53,76228565018391	55,95476349312241	189
wemix_usdt	68,33332630502053	68,50942558460548	68
busy_usdt	48,528231517031784	48,652482269503544	186
stbu_usdt	87,3957503781679	89,20751361564966	188
lion_usdt	55,03394733892419	50,86659663865546	188
dfnd_usdt	59,41528236027671	59,983147064041155	189
isp_usdt	71,74276449649054	75,36722506387098	188
ftt_usdt	56,841298562836435	51,968190854870784	187
lev_usdt	59,58703090087232	64,29961089494164	184
gdt_usdt	48,50126532282854	49,563191613278974	182
peri_usdt	44,010343200838435	40,98712446351933	184
gum_usdt	64,94779951100065	66,90778662384537	182
yfx_usdt	41,018519457182954	42,06642066420663	183
prare_usdt	70,64835226613643	74,42405310425616	183
feg_usdt	54,36324786222989	57,10543549443353	182
skrt_usdt	45,609911153383685	47,23451327433628	180
metis_usdt	71,07747737178723	72,72455044992438	181
o3_usdt	45,20481472938446	29,622758194186787	180
bzz_usdt	39,14505915499923	42,45508982035927	141
tbe_usdt	59,31610241882646	59,42376950780312	176
10set_usdt	32,2924329413446	22,483221476510067	163
pnl_usdt	63,837467776499324	70,31746031746033	176
pdex_usdt	52,40933131278157	59,882714325607374	176
wild_usdt	59,195459405511464	63,71687961096833	175
fear_usdt	60,58916230539864	59,58371986299616	168
czz_usdt	54,03016111088477	57,244897959183675	173
elon_usdt	60,23239230550203	63,61730834096275	173
hoge_usdt	55,23204259986876	57,558408718569694	172
noa_usdt	43,62215558573349	41,83168316831683	173
kishu_usdt	52,02619501780018	39,62448183369909	172
dop_usdt	73,53450011141274	72,56735884674791	172
nmt_usdt	60,96953495948587	68,11819595645413	168
naos_usdt	44,88021588255089	50,949878738884394	168
para_usdt	71,92946346866054	64,27966101694915	168
gitcoin_usdt	59,72424000657613	59,22986478542035	168
saito_usdt	88,3424089336931	92,44217052196521	165
xcad_usdt	81,0805010269204	82,23742205727457	167
caps_usdt	51,10011067703164	50,219699244016276	166
lss_usdt	52,32081565789444	46,35755813596402	160
slp_usdt	48,686743732270976	51,599433969785146	163
cvx_usdt	57,98025529630812	52,193937662894065	161
niifi_usdt	48,30348324879666	47,57265384295112	160
phtr_usdt	35,921776963724426	15,163934426229503	159
occ_usdt	41,64338562326873	38,31775700934579	155
apn_usdt	51,26371140646031	54,6957355055103	155
route_usdt	65,9140151732966	70,71349250416435	153
dfyn_usdt	60,44400202886507	66,64230019493178	152
ioi_usdt	66,08464873286812	66,94919729615548	152
lime_usdt	66,5648652283594	68,11332127787824	153
free_usdt	49,461304249131196	54,81727574750831	148
form_usdt	41,46205950994578	35,45644930003198	145
orc_usdt	45,22758515598135	43,48521183053558	147
kex_usdt	49,280432334003734	43,6436073886273	146
keep_usdt	56,47816915548283	48,423091376868136	147
dlta_usdt	41,88910306953323	28,50058035243221	117
nwc_usdt	54,46228914029374	48,085406740779945	145
dpr_usdt	76,0693223264471	78,88513513513513	145
yld_usdt	43,06663342310184	45,01523726599914	142
cqt_usdt	42,873027335612186	30,024083489430012	140
zcx_usdt	37,81036236001982	36,00241534409144	139
oly_usdt	69,85681524757494	73,64093753834825	135
vrx_usdt	44,749948558174545	48,44475666393474	134
fuse_usdt	78,92240608293326	81,72351132233716	131
sdao_usdt	45,15132085946942	31,606004306886803	130
mln_usdt	50,12984216867431	48,374668914038054	128
byn_usdt	48,45492216971833	44,92350486787209	124
srk_usdt	51,99320296350687	53,17237683991552	119
cofix_usdt	45,988316521930464	51,8175338560228	119
mm_usdt	54,557360415943236	61,074918566775246	118
clv_usdt	55,60090102945913	60,53138766519824	117
burp_usdt	48,83215153734168	45,16622274834763	107
epk_usdt	36,86434911280973	33,38988802171701	110
cart_usdt	37,237103226967484	28,43426883308716	107
whale_usdt	63,212159390919155	68,65581675708258	108
c98_usdt	55,421397367457644	45,78369716093339	110
iag_usdt	38,46767319739284	25,06963788300834	105
dnxc_usdt	49,768672722047896	46,19505794883009	104
idea_usdt	61,53440475330886	62,207492801276416	103
derc_usdt	64,46947344743472	66,09089449363964	99
pyr_usdt	60,65868234539098	65,92654846142067	97
pla_usdt	57,19401611027244	65,90003066544006	99
cre_usdt	49,660311566911645	52,113862219976426	96
efi_usdt	82,64037999373923	83,64531381566162	98
rad_usdt	52,95447122664655	54,085766168459266	93
game_usdt	56,51230440942901	63,01348297311102	92
dfa_usdt	50,250038695349105	41,68514412416851	91
hmt_usdt	62,663978703987944	56,790123456790155	92
gala_usdt	50,49519070387849	49,987854923869556	90
skt_usdt	48,819013998475086	52,59875259875261	90
trade_usdt	47,85241394590214	47,937266833279004	83
sphri_usdt	54,55245587832803	56,05497003513123	84
wncg_usdt	49,06195943008	52,01010966921872	85
bit_usdt	68,75118039144762	71,11658793729036	85
starl_usdt	57,73472608109465	64,88123357195634	82
rare_usdt	43,819513610900046	39,90784181031533	78
eden_usdt	41,841125433986804	28,04922350376897	77
zlw_usdt	42,758616849642365	33,47060106905204	75
qrdo_usdt	70,81773552160402	64,7253635567244	71
skyrim_usdt	41,285074608677526	32,74309109518936	69
bacon_usdt	40,42570142934389	37,150366059695884	71
ref_usdt	52,11161351468894	19,312906220984217	20
oct_usdt	49,09768067440285	37,17436661698958	72
gno_usdt	72,4633936893719	72,38683875658971	72
ata_usdt	57,09622297840236	55,42727921923353	71
bbank_usdt	33,93913497959004	30,445692436372326	70
push_usdt	45,45683215274784	42,03393458709119	72
kft_usdt	65,54691226537756	69,57937147461725	69
revo_usdt	52,75863258416508	55,573063477890415	69
vega_usdt	44,5586087875183	36,67437791025297	68
vent_usdt	40,29421988553273	37,79595722211479	61
hid_usdt	64,13337503793073	60,499094385188165	56
ldo_usdt	53,09919465409879	54,603258709762876	57
ald_usdt	44,14521825955857	58,17307692307692	57
gel_usdt	46,40312569591019	35,628712372898434	57
idex_usdt	44,090809869243564	45,13062998519368	56
ctrc_usdt	63,12911538604389	71,44006558173427	54
btrst_usdt	34,6483804215211	49,89288264698881	55
itgr_usdt	39,480046538215234	28,701077708451507	55
toke_usdt	59,96197192353405	57,85799463380702	55
hotcross_usdt	59,82970235185365	69,66970998925886	53
nftd_usdt	58,56504155714421	63,85756056808688	47
mot_usdt	44,36256965129121	24,70607901041957	46
knight_usdt	48,193720272866315	47,258230046577715	49
forex_usdt	32,53755617303757	26,472787702534276	44
orion_usdt	69,49491140357783	76,62354682836154	41
opul_usdt	69,02822368234274	72,05375651270579	48
vemp_usdt	70,72526018456142	78,36367195145822	46
eva_usdt	38,15983279397278	37,676438653637355	43
txt_usdt	45,06287753051848	46,58531363733675	42
poli_usdt	37,54696157705824	37,63517359134889	43
deri_usdt	60,71114207209908	62,402378592666	42
taur_usdt	10,110382042900227	16,79794520547945	16
nii_usdt	36,523224870837275	24,658227848101276	42
eqx_usdt	41,68960796363761	32,93763751538509	32
theos_usdt	38,53767752675497	43,4996384671005	34
rbn_usdt	42,125376007661266	39,01378826828698	33
strp_usdt	41,33158164639408	34,701131863677475	26
leash_usdt	52,594364433179074	58,602333303051	27
ohm_usdt	42,016562204568594	39,028163830454105	27
lith_usdt	49,0890846840961	56,3422600252605	22
shoe_usdt	51,650446984997636	64,92115249990789	22
rice_usdt	31,23556689206599	39,69641526055432	23
lyxe_usdt	58,71465779034032	58,03757766971393	21
evry_usdt	53,4144677931543	45,99895769176102	21
mnw_usdt	51,492481518065496	47,149487194178654	20
kst_usdt	29,98651079136691	37,02189078662498	16
baked_usdt	15,79376816767811	15,79376816767811	15
saitama_usdt	57,93969672448369	57,93969672448369	15
fodl_usdt	42,40150499502659	42,40150499502659	15
phm_usdt	41,504972382470335	40,35357417371253	63
vera_usdt	78,94816613255506	79,37902690091326	47
floki_usdt	65,41125243587942	73,97633476617497	55
dvi_usdt	56,256896559409675	60,391808302284595	61
cirus_usdt	51,64659907915835	40,56554109949612	62
talk_usdt	45,130507722200086	50,615264294580655	61
dydx_usdt	47,6695496819094	46,52469873976634	63
xyo_usdt	63,74448173063361	70,5365537863958	61
rgt_usdt	58,730748801560246	62,06858850541202	61
sku_usdt	60,30748004665718	63,78207921399269	68
agld_usdt	41,685052154502884	42,627285765507345	68
spo_usdt	42,180781131749875	41,64101349751361	67
dognft_usdt	48,973137545681965	57,35402468226193	67
pros_usdt	47,814720322898964	52,47148288973384	54
sov_usdt	58,95792829434506	63,063622807103954	49
spell_usdt	52,58925140187245	54,44084509267892	48
urus_usdt	77,29212153719203	74,15006862269807	39
brkl_usdt	86,38119961343912	94,03536618635451	36
cfg_usdt	50,28103837147955	54,77402672491328	35
fx_usdt	42,68271864193302	42,14566226347731	34
tbtc_usdt	56,90498719422079	51,09837277385204	34
stos_usdt	31,510708729912693	42,649812734082396	29
ssv_usdt	41,47833591286845	51,511314210207566	22
niftsy_usdt	38,65137909356134	52,03164638603431	20
asm_usdt	59,27727394610728	65,88229978538348	20
visr_usdt	41,2432518259765	41,2432518259765	15
steth_usdt	69,15065956954409	69,15065956954409	15
wom_usdt	54,02075403274976	59,312633975306994	270
idv_usdt	44,311135467943586	49,33646386280114	252
nftx_usdt	41,61141603709553	35,15025120864537	270
perp_usdt	61,98457728006065	60,11555767657483	270
orai_usdt	70,73328202247338	62,63613515777716	270
cws_usdt	57,6474353205875	63,670789684908115	270
lit_usdt	54,28442446474161	49,29113089350478	270
uncx_usdt	80,4456627956972	83,72681281618888	270
poolz_usdt	63,90242010506673	68,44561688311688	270
snow_usdt	48,72474927470442	42,650258872964656	270
dodo_usdt	56,16151892367557	57,68184291674225	270
flurry_usdt	38,10175689946297	42,02149025908817	65
ipad_usdt	38,0337985258524	36,57446337685328	111
vrt_usdt	54,82347106018996	56,31720430107528	166
tonc_usdt	31,2526280544557	33,364226135310474	18
opium_usdt	48,236120364314836	51,742758959253806	270
kif_usdt	58,4817581447766	66,77029070744413	270
reef_usdt	58,687239957160635	56,72587085226488	270
bird_usdt	52,68429423402825	33,97698209718669	270
maps_usdt	54,60517687029369	53,52546673916985	270
mdf_usdt	47,45656766408241	52,36759232751216	47
mir_usdt	56,03228801719493	59,37376139516449	270
sfil_usdt	31,33105681275056	25,638977635782766	270
zcn_usdt	66,7615050435976	71,63541419416093	270
mars_usdt	53,842152284491476	58,39753466872112	270
bao_usdt	50,02216263215276	56,50899958141482	270
lpt_usdt	88,3858510278678	90,51438371721733	270
dis_usdt	55,93397504617894	56,61735305877649	270
dexe_usdt	47,38265363827207	42,81354897772353	270
pbtc35a_usdt	64,58719138893741	57,936210131332096	270
orn_usdt	64,19060981374878	66,24557163650346	270
nord_usdt	59,95878998008823	57,37192021900665	270
dao_usdt	69,08477601206533	68,25951259352168	270
flow_usdt	43,60585525664029	54,30339666090963	270
alpha_usdt	61,75192059014587	58,89009455898308	270
enj_usdt	61,46516266870952	64,93838508603108	270
api3_usdt	55,43960272839912	52,391891115833005	270
fin_usdt	47,740645056522276	42,72051009564293	270
skl_usdt	53,5301193615022	57,32096903008252	270
prq_usdt	61,48047133462634	51,109139307897074	270
front_usdt	47,76764553900332	44,77751953179692	270
inj_usdt	64,87150197707595	60,12691961757554	270
alpa_usdt	61,08875718035485	69,10102278844428	270
roobee_usdt	48,82866533700215	36,88422105526383	270
nsure_usdt	56,065972071921045	56,96492119979665	270
kp3r_usdt	75,17213266590862	68,81126072564837	270
woo_usdt	59,39405409660618	55,16949152542373	270
hyve_usdt	47,29824826508409	49,375516978816876	270
kfc_usdt	64,7957152300637	67,04271961492178	270
ramp_usdt	49,5411622676903	50,0	270
sylo_usdt	56,20411536604911	41,630391768895926	270
rari_usdt	60,46336178326151	62,946602572430805	270
dvp_usdt	59,288757832174156	61,073111415108684	270
mph_usdt	62,541821028334155	71,13402061855663	270
df_usdt	48,737645346026035	46,285018270401935	270
cvp_usdt	45,67187154308004	45,8528951486698	270
value_usdt	53,17428055499865	54,07569141193595	270
uma_usdt	69,69359243933508	73,4541336353341	270
yfii_usdt	52,784489521764954	48,17819252711867	270
swap_usdt	55,517249635265955	57,951482479784374	270
sxp_usdt	58,94304970403177	62,518925299597115	270
bal_usdt	58,89026500062273	59,479649665121066	270
band_usdt	52,50810390641608	47,938070435322786	270
ast_usdt	69,3935822442852	72,33898305084745	270
troy_usdt	47,318795168120516	42,97456974055998	270
om_usdt	53,36977457738301	49,585798816568044	270
spa_usdt	60,375336658326084	64,2346208869814	270
akro_usdt	59,785694437740794	58,1145606640772	270
for_usdt	53,39681428131414	45,38647342995169	270
credit_usdt	49,58430233749732	54,08742075408741	270
dia_usdt	55,51036590891896	54,27129640754535	270
axis_usdt	57,31280446612218	66,44123134328359	270
trb_usdt	67,17733665934729	70,19539892674221	270
lien_usdt	57,66497415468208	54,610951008645536	270
pearl_usdt	53,56468501649528	54,78710312576914	270
klv_usdt	55,511962789917845	57,47863247863246	222
nft_usdt	55,7024633220523	63,29815503758258	152
corn_usdt	80,5208036679181	82,01796571242036	270
slm_usdt	81,89925173871967	91,07572725427073	270
tai_usdt	54,4632541105972	47,19051799824408	270
crt_usdt	92,38298382751694	94,22875131164743	270
jfi_usdt	62,72302444394031	53,28290468986384	270
mta_usdt	66,79795508580644	62,910090441567654	270
yfi_usdt	52,713184807012134	38,44824089014449	270
kin_usdt	55,43931370173624	57,17998075072184	270
dka_usdt	48,885192306829424	52,872735996161694	270
ren_usdt	45,16054985272539	31,357409713574086	270
dos_usdt	43,90750399961641	38,03307223672759	270
suter_usdt	52,126106618852646	42,98696344829134	270
srm_usdt	49,03504564547503	49,819138441302194	270
jst_usdt	56,66396289028142	56,32042762207453	270
lbk_usdt	62,95969921938701	70,09291893623838	270
asd_usdt	61,140591472734904	59,74915439399988	169
swop_usdt	30,64812633259757	3,687959558823522	240
nsbt_usdt	39,99409783729808	37,61581222977146	270
west_usdt	48,955204281113105	43,1235527621568	270
fio_usdt	50,438677161237244	50,4752376188094	92
hydra_usdt	43,84921560456671	38,19175614150415	89
tlos_usdt	43,66889768502325	32,778224765837294	85
olt_usdt	65,46627725488649	68,74238252155465	139
xem_usdt	56,49241629147656	60,53513535696209	270
xym_usdt	59,83498675946081	50,548741123305355	238
alaya_usdt	38,419748717939825	30,959752321981426	232
lat_usdt	52,940114519730564	50,40963168768255	167
dhx_usdt	41,55818476829827	11,624191100103857	165
stc_usdt	50,35217654978064	51,933701657458556	160
icp_usdt	60,7268009341556	61,598857958600995	184
bu_usdt	35,51423800254011	100,0	270
ewt_usdt	44,19066901886494	38,24565927454016	234
hnt_usdt	85,92394869689831	87,73611502678321	180
xch_usdt	55,09571701186851	59,79318279291731	194
akt_usdt	48,211033205357985	52,58939580764489	243
hns_usdt	62,01996080796536	61,67330677290836	270
btc3l_usdt	64,19933175602993	66,38287383611171	270
btc3s_usdt	28,92071704931952	25,82575576171736	270
nu3l_usdt	28,47580182215779	21,305134716992157	20
nu3s_usdt	58,09028558544205	60,484405704847674	20
keep3l_usdt	46,0201806866698	41,769814010757564	20
keep3s_usdt	39,29065559074889	41,0846513239891	20
klay3l_usdt	44,204426473404205	45,473735487537546	20
klay3s_usdt	46,273319324204536	47,46215567871619	20
arpa3l_usdt	54,86750958834976	56,59605383909453	20
arpa3s_usdt	34,139062389186904	30,63697375404476	20
coti3l_usdt	47,31151201245735	48,56937623601686	48
coti3s_usdt	42,03744835103224	40,00709288454719	48
xch3l_usdt	49,557004708698855	57,155370228725104	48
xch3s_usdt	35,50261182825059	31,460990997436852	48
iost3l_usdt	44,68697542518183	45,23597356961513	48
iost3s_usdt	43,569707755625814	41,76690705243087	48
bzz3l_usdt	32,69213649447214	38,2013368442374	48
bzz3s_usdt	54,21206716044266	52,359204618345096	48
tribe3l_usdt	84,57521672922846	83,44539704274428	48
tribe3s_usdt	20,586274087561193	24,038534765059794	48
ray3l_usdt	53,73949666476545	56,816162000888724	48
ray3s_usdt	36,240945594562405	32,59763810871776	48
ar3l_usdt	54,017887612699035	58,48237331233057	48
ar3s_usdt	34,29309923461247	25,608979185247804	48
one3l_usdt	53,90200558483325	36,34275932387305	48
one3s_usdt	27,576307285058192	50,71325742703835	48
hbar3l_usdt	54,29492770186994	52,923910589297805	48
hbar3s_usdt	35,93816221244548	39,69447673990786	48
cspr3l_usdt	54,740056455633045	54,90713908438137	48
cspr3s_usdt	35,506645244787606	37,44327017677488	48
sxp3l_usdt	56,23274200656295	58,31743445733028	48
sxp3s_usdt	36,519316702004794	36,89613787267846	48
xec3l_usdt	46,43892630916855	48,557133755574704	48
xec3s_usdt	37,83146365678341	37,35024773358286	48
lit3l_usdt	49,28221766237627	43,102459243907404	48
lit3s_usdt	37,058829238540326	43,58782501803799	48
mina3l_usdt	43,557847453373554	28,28695430176154	48
mina3s_usdt	43,18669089820265	59,50712129904468	48
gala3l_usdt	43,27322407686687	45,50505440234586	48
gala3s_usdt	41,1721079588893	37,83748998133749	48
ftt3l_usdt	51,50837220115839	47,622333390834335	61
ftt3s_usdt	36,22203527825636	44,97440889251735	61
c983l_usdt	50,703040845692676	43,05185431934266	73
c983s_usdt	36,002263751410524	46,34627233518176	73
dydx3l_usdt	43,41024577243396	41,662077216704326	62
dydx3s_usdt	40,31929007410318	48,60010737875594	62
mtl3l_usdt	49,165652858959	50,15198456772081	69
mtl3s_usdt	40,39487821017762	43,07816147468405	69
ftm3l_usdt	55,16509845032793	38,416122911143084	69
ftm3s_usdt	24,716902301536095	46,35761589403974	69
sand3l_usdt	56,004047102716676	61,98374668005891	69
sand3s_usdt	24,0685581492298	13,342925551646232	69
luna3l_usdt	58,99588952572889	60,25894633983579	69
luna3s_usdt	35,139988331603476	34,62639299315097	69
alpha3l_usdt	57,54575707071105	52,84745815299173	69
alpha3s_usdt	35,614382586316225	37,938264723836824	69
rune3l_usdt	48,08494381275171	48,298322357352305	69
rune3s_usdt	34,20620329506926	33,08338651350775	69
icp3l_usdt	53,88671599667862	56,316668081373955	73
icp3s_usdt	33,886351797386695	34,23985372232701	73
shib3l_usdt	47,95015434913037	48,59979419809136	73
shib3s_usdt	43,548911780581015	25,266463225863518	73
ach3l_usdt	58,42510054358	62,6808169516266	73
ach3s_usdt	33,0003672270454	29,702890542182075	73
alice3l_usdt	52,860765892458176	55,657668982621836	73
alice3s_usdt	35,0757935585013	33,81593268031112	73
axs3l_usdt	58,66771664527059	63,24264958848282	73
axs3s_usdt	30,46752463965045	24,09675443968156	73
matic3l_usdt	52,630067335070365	52,987436045680326	73
matic3s_usdt	32,35523979337586	35,901131753149684	73
btc5l_usdt	61,201992144093566	64,56407389511634	270
btc5s_usdt	31,798593320513035	26,190307949948647	270
bch5l_usdt	55,963704727988315	55,91566683818004	270
bch5s_usdt	34,4189850101279	37,19411106214335	270
dot5l_usdt	55,19787302204011	56,592059680384935	270
dot5s_usdt	44,51354433348749	35,55984448777302	270
xrp5l_usdt	53,531334037858116	56,91702161217388	270
xrp5s_usdt	44,17589095054433	34,32813050978665	270
bsv5l_usdt	51,164914503871884	49,325868192844965	270
bsv5s_usdt	34,580440923149865	39,45923766200271	270
ltc5l_usdt	70,15884620702086	69,37792993715519	270
ltc5s_usdt	38,81951062175845	34,457942152752594	270
eos5l_usdt	47,44509677814351	46,90406160065226	270
eos5s_usdt	35,57002084850602	37,41451546429586	270
eth5l_usdt	63,14813049349068	65,56882493629357	270
eth5s_usdt	45,997929648527034	28,089223533025987	270
link3l_usdt	59,9321484612828	52,29650779515799	270
link3s_usdt	33,85888304409768	40,600037926602205	270
kava3l_usdt	46,60838802828434	43,85226599932859	270
kava3s_usdt	41,998282968124414	44,12408218381439	270
egld3l_usdt	60,959015845217614	59,67990105737121	270
egld3s_usdt	52,93320572058944	32,04488429723892	270
chz3l_usdt	56,49098229694241	58,490391728734735	270
chz3s_usdt	29,917011666517567	24,38533676565281	270
mkr3l_usdt	58,008939863008266	61,19230744823297	270
mkr3s_usdt	30,447484781486196	28,5836487451531	270
lrc3l_usdt	85,7141219768185	83,3226526776648	270
lrc3s_usdt	25,281019773772613	17,296335161420416	270
bal3l_usdt	55,147229233840804	55,6697732851561	270
bal3s_usdt	35,4072401279157	28,754603930574135	270
jst3l_usdt	53,952222555852984	53,5511064882038	270
jst3s_usdt	37,02953739964459	39,71112206612961	270
sero3l_usdt	33,81348309806391	29,393026152636793	270
sero3s_usdt	59,72475353263012	69,62250349413189	270
vet3l_usdt	71,22011379300997	66,29687539411412	270
vet3s_usdt	28,13605276042044	30,91380317179626	270
theta3l_usdt	60,70372391465102	57,06822219880858	270
theta3s_usdt	31,574796560191388	31,803296753313646	270
zil3l_usdt	52,410737204490985	47,17844613025244	270
zil3s_usdt	35,2022773329451	36,44742988948744	270
grin3l_usdt	44,85001531524706	41,11164350742693	270
grin3s_usdt	47,030619349878265	48,04427633430549	270
beam3l_usdt	43,06392510043682	33,047622381356916	270
beam3s_usdt	42,5312586244219	60,33894997117837	270
sol3l_usdt	62,31909380100243	63,52137398543426	270
sol3s_usdt	50,76876905225158	30,278351614182824	270
skl3l_usdt	49,360889487492656	52,14771578798187	270
skl3s_usdt	36,46266118687944	31,61641932972313	270
1inch3l_usdt	50,07454016207402	50,94928389235949	270
1inch3s_usdt	48,46625703158071	7,729936273614115	270
lon3l_usdt	42,803856686261355	40,38505810945867	270
lon3s_usdt	46,80482989704058	47,45870610736316	270
doge3l_usdt	49,32211474458307	48,1930225166189	270
doge3s_usdt	36,715676762678214	36,232838021411425	270
grt3l_usdt	71,8064798142318	59,43619813669928	270
grt3s_usdt	26,6326796053807	31,313527427004317	270
bnb3l_usdt	73,22303466611842	78,27257462564917	270
bnb3s_usdt	27,218721972051497	21,802496691152683	270
trx3l_usdt	60,87449000768224	58,688344940338624	270
trx3s_usdt	32,82909446205953	34,566556466459005	270
atom3l_usdt	47,253294924422214	27,874284924169586	270
atom3s_usdt	43,038908286525995	60,82352023863314	270
avax3l_usdt	68,14775593514945	67,31591448931117	270
avax3s_usdt	30,006919987483712	30,481452585377127	270
near3l_usdt	51,590019204208566	30,570034788410666	270
near3s_usdt	56,89677045791017	55,85009944159707	270
rose3l_usdt	56,51929636080115	61,40966801159598	270
rose3s_usdt	46,3658411776859	31,245873905891003	270
zen3l_usdt	63,137437517013886	58,618423724646476	270
zen3s_usdt	28,78216016794505	27,527143956739266	270
qtum3l_usdt	61,73515508441881	65,55938791618507	270
qtum3s_usdt	32,94304907838297	27,34195576185364	270
xlm3l_usdt	52,85955884490801	48,696850550048886	270
xlm3s_usdt	37,777572728942	40,17064424906924	270
xrp3l_usdt	58,60520480749095	59,448790034758666	270
xrp3s_usdt	35,970801414598085	36,800288033631595	270
cfx3l_usdt	47,88161494269634	46,6527932453385	270
cfx3s_usdt	56,03113833786424	45,07102259851157	270
omg3l_usdt	52,87825338984982	54,554495687941746	270
omg3s_usdt	32,33323526883238	32,61347259000908	270
algo3l_usdt	51,5906835163665	41,7019426047213	270
algo3s_usdt	57,50829956173963	51,311073911674015	270
waves3l_usdt	36,461796068390576	10,935768782497448	270
waves3s_usdt	47,20259341301327	60,99911632131341	270
neo3l_usdt	59,886788114891566	60,58995711130032	270
neo3s_usdt	32,36528209540825	33,277799720359056	270
ont3l_usdt	57,99168457739277	59,070130424411445	270
ont3s_usdt	33,47960700011427	32,02588429883967	270
etc3l_usdt	58,693639519376845	55,89391150693991	270
etc3s_usdt	33,028847167057464	35,66560250576393	270
cvc3l_usdt	44,64854750628743	41,74246045274688	270
cvc3s_usdt	55,15826735690542	35,58461070668406	270
snx3l_usdt	48,67694355540257	46,40352642183103	270
snx3s_usdt	39,610588314907965	41,44637994837408	270
ada3l_usdt	56,41026052489707	51,551503210012285	270
ada3s_usdt	35,10039807831967	39,78573738850788	270
dash3l_usdt	65,56075393242291	60,7763392018806	270
dash3s_usdt	31,27771785596886	35,00232521478678	270
aave3l_usdt	51,68611222302029	47,59475984477931	270
aave3s_usdt	30,277762933074513	16,3257085145095	270
srm3l_usdt	45,44574419342454	46,37088615697134	270
srm3s_usdt	45,46921218180136	45,01946170728538	270
ksm3l_usdt	59,813857233443414	61,86391962380297	270
ksm3s_usdt	32,778355895742294	30,793453338348243	270
btm3l_usdt	49,92791540836509	50,675604374142594	270
btm3s_usdt	38,525930980853204	38,712919878600204	270
zec3l_usdt	65,02808365005662	60,029210268671235	270
zec3s_usdt	29,892174970558784	34,937719945192725	270
xmr3l_usdt	49,22884336228254	41,79046539343797	270
xmr3s_usdt	43,180727078340695	51,83044983016982	270
ampl3l_usdt	48,0587846714298	43,65516545292719	270
ampl3s_usdt	32,524265317653146	38,96376237117357	270
crv3l_usdt	61,32963627307273	46,66485102776024	270
crv3s_usdt	47,48757522858096	31,56550998710503	270
comp3l_usdt	51,40525121915307	50,56803922019482	270
comp3s_usdt	35,72403582802255	37,14100778460776	270
yfii3l_usdt	50,092775112571346	45,31198707919044	270
yfii3s_usdt	42,66174870075025	47,6072587444967	270
yfi3l_usdt	48,8103531106234	33,668741336367106	270
yfi3s_usdt	39,04611002699876	50,039350961658236	270
ht3l_usdt	52,501134558342734	54,741653304206615	270
ht3s_usdt	36,98558655640721	40,44045615821147	270
okb3l_usdt	63,581801918642235	62,87758735225127	270
okb3s_usdt	43,21204745171289	32,285450156143966	270
uni3l_usdt	50,06504885067275	44,41119871175382	270
uni3s_usdt	40,124390878796476	44,829606119126936	270
dot3l_usdt	61,58851202438247	61,562917767471326	270
dot3s_usdt	31,91607608432264	34,13792938472244	270
fil3l_usdt	45,028471663110295	47,46130427948611	270
fil3s_usdt	44,03419192203436	42,430890717310675	270
sushi3l_usdt	50,75462011560176	51,52862034997226	270
sushi3s_usdt	39,521226243402026	40,255527026268346	270
eth3l_usdt	66,16709501321901	67,08567886849497	270
eth3s_usdt	30,6396583125064	28,36048882915466	270
eos3l_usdt	57,64732428234901	52,863708635874616	270
eos3s_usdt	34,406908400267696	38,09567810330124	270
bsv3l_usdt	58,03743517065054	53,29661161217682	270
bsv3s_usdt	34,200809242305965	40,507077890993635	270
bch3l_usdt	61,35218970591563	56,1309514023446	270
bch3s_usdt	33,75946733687286	37,10947943666785	270
ltc3l_usdt	73,26727605946837	70,68079434061067	270
ltc3s_usdt	28,591582672134052	32,23993777176371	270
xtz3l_usdt	43,364231963418426	36,09322841796209	270
xtz3s_usdt	41,73637084175445	48,72753208236483	270
bsv_usdt	61,28393968014043	56,164063731511526	270
rvn_usdt	61,11223051839403	61,91020875035746	270
rvc_usdt	44,12792735719799	52,99781181619256	270
ar_usdt	58,00156643808542	61,94209962030236	270
buy_usdt	65,16163436603699	78,69230769230768	96
snk_usdt	43,528731101974756	34,76746632996634	64
mcash_usdt	30,06906449772569	20,833934497186547	41
nsdx_usdt	53,28125991265348	60,55859342138471	42
sway_usdt	55,99971701851727	48,73565679818691	34
tips_usdt	47,610946487042966	49,012229539040455	268
dcr_usdt	38,52985938613136	32,6062258577596	270
bcn_usdt	50,89191678189527	52,672251913910166	270
xmc_usdt	60,78367303212755	67,66169154228857	270
arrr_usdt	48,59758107952197	55,4345674123936	152
velo_usdt	37,90193121190185	29,420569108488493	222
wxt_usdt	54,26253820452815	54,46395218528202	204
nbs_usdt	55,10755768121363	26,391937736978647	270
xpr_usdt	48,01861335785996	37,88868525127809	114
steem_usdt	53,063100521336466	56,48710166919574	270
hive_usdt	52,09268462521774	52,04244031830238	270
cocos_usdt	53,34566747511778	55,271883289124666	270
bcha_usdt	58,9593206719054	100,0	270
xec_usdt	52,099165729921225	55,11328076104643	131
flux_usdt	73,57507900774303	72,57707080179917	174
atp_usdt	54,8863469568026	58,76383763837639	270
nax_usdt	52,657483663928026	20,15151515151517	270
klay_usdt	50,25364292714539	49,14759458197103	270
nbot_usdt	51,371428609195576	51,27970749542961	270
qi_usdt	66,17212819399754	66,93607942889965	266
med_usdt	50,17878290742018	53,389519970685235	270
grin_usdt	58,04283680350845	49,81259370314843	270
beam_usdt	45,958764218268826	36,1662987490802	270
waxp_usdt	72,37656262050074	76,93285055239883	79
iost_usdt	50,58674115625354	51,39762403913346	254
hbar_usdt	59,61864247047478	57,716120155927534	270
mina_usdt	47,77193576131476	31,717534410532593	162
okb_usdt	66,39705346146285	64,5418326693227	270
rep_usdt	54,46466456448882	56,907636669792	270
star_usdt	47,47171127722839	55,833333333333336	270
zen_usdt	69,20959230885845	65,37670404130031	270
abbc_usdt	85,9507904601714	89,00015057973198	270
fil_usdt	50,04901865875343	52,9269438010872	270
fic_usdt	45,38294522089641	46,15384615384615	270
sup_usdt	63,52641195486751	65,99285939304842	270
stox_usdt	66,77308721945346	71,76088720584258	270
vtho_usdt	68,56878270955141	70,06773776295188	270
vidyx_usdt	27,042205492058926	16,373728029602233	270
btt_usdt	58,028641892488885	58,15273856874496	270
tfuel_usdt	67,28509435753341	65,74466970506575	270
celr_usdt	45,03588520548096	28,84312818139749	270
cs_usdt	56,33350275694145	57,7364680153089	270
man_usdt	57,43724722041078	56,04055231912811	270
rem_usdt	53,97724409119941	58,169934640522875	270
lym_usdt	53,83776929424973	55,10512875785563	270
zpt_usdt	57,35362747666903	57,089220432763575	270
ong_usdt	51,60786039746417	54,17800233190827	270
wing_usdt	60,023997766313016	61,57635467980295	270
ont_usdt	62,558969144953174	63,78933963980353	270
bft_usdt	58,87700271787566	67,81088082901556	270
iht_usdt	58,9652462836551	61,632578524470404	270
senc_usdt	58,72779485993114	59,688995215311	270
tomo_usdt	57,347971287044516	56,08845128570686	270
elec_usdt	58,228898067714496	60,9182776801406	270
snx_usdt	53,75808155734643	52,009192525886576	270
swth_usdt	77,91365828640906	79,13715389568577	270
nkn_usdt	59,11548702032588	61,700560259003936	270
soul_usdt	74,32452829189938	77,86481197743615	270
lrn_usdt	68,34489226691511	68,19201435621355	270
eosdac_usdt	57,657522264456794	56,39810426540285	270
dock_usdt	56,907183730763286	58,8413215449046	270
gse_usdt	54,01770652046251	50,56089743589743	270
rating_usdt	60,663999978551836	67,56756756756755	270
hsc_usdt	54,6922408430958	61,09809173083362	270
hit_usdt	70,04209924291631	71,23374409429644	270
dx_usdt	45,468354778790975	50,0	270
cnns_usdt	53,768478831109334	56,684203426413056	270
drep_usdt	65,05700288511736	65,57766557766558	270
mbl_usdt	49,54566707030847	52,65583845478489	270
gmat_usdt	51,181984004931394	55,08365508365509	270
mix_usdt	52,063584314167535	56,43198906356801	270
lamb_usdt	54,69125659565778	58,801020408163275	270
leo_usdt	57,567020446068014	48,39666154184056	270
btcbull_usdt	61,94806221204683	64,70360521968084	270
btcbear_usdt	29,88383967200197	29,235695391897536	270
ethbear_usdt	38,12538062422828	42,76315789473684	270
ethbull_usdt	63,521823573252696	65,17928377669881	270
eosbull_usdt	52,37008923873512	47,82387375922627	270
eosbear_usdt	51,49167728458262	53,54224401335892	270
xrpbear_usdt	59,49369151205109	61,95631883516894	270
xrpbull_usdt	56,35049609977245	57,26239867236867	270
wicc_usdt	62,878937983937774	62,36162361623615	270
wgrt_usdt	51,36833740749996	54,930069930069926	270
sero_usdt	29,59866943209191	18,93908834207339	270
coral_usdt	42,84738459026245	39,27670311185871	270
vidy_usdt	53,03646647947077	49,832775919732455	270
kgc_usdt	53,13609223082139	55,83872194750856	270
ftm_usdt	60,217384737235655	45,896924461312985	270
rune_usdt	53,9124171995805	53,41052509697216	270
cos_usdt	54,59787861255356	55,57453037326179	270
cbk_usdt	52,844807955651675	49,54993570510073	270
chz_usdt	58,89038790421027	60,67827576918959	270
opa_usdt	53,03309133353843	59,70865162551074	163
mbox_usdt	45,77743003047905	50,12744265080712	83
mcrn_usdt	36,10625148740826	40,025015634771734	78
zoon_usdt	42,89272313098744	46,40692640692641	83
kaby_usdt	51,20928478799014	60,35487544698504	71
smg_usdt	39,13156573654243	23,591000222766752	71
mat_usdt	42,80845525661684	48,00335634463557	22
metax_usdt	57,148052025726265	57,09567711534522	20
dmlg_usdt	58,64609371418685	63,81354293610628	22
bp_usdt	35,50298978133385	44,02269614556838	72
lazio_usdt	18,462243261815686	21,597213262804786	16
wnd_usdt	62,126910893513774	59,59399002765877	20
hera_usdt	45,83993595131204	53,65525643012932	20
ttk_usdt	44,283931561436184	48,554155179204415	28
sfund_usdt	73,7651093432263	78,1871685475786	29
he_usdt	55,11255629002822	33,14382540910785	30
astro_usdt	37,00686321141601	31,65409962595737	30
dark_usdt	52,834955719298954	58,71316898185538	34
arv_usdt	44,64284161637264	28,26359943016938	33
gspi_usdt	59,087333253435894	61,05729998226005	37
rosn_usdt	66,01328595550109	65,67860951409497	36
tokau_usdt	50,87019147730324	47,41206748641693	41
cphr_usdt	69,60066189984713	72,46699495277187	43
srp_usdt	62,0976763224032	63,24702317452935	42
kws_usdt	44,84924954903681	45,85218976447222	44
shi_usdt	38,81540282890987	22,480359147025823	47
ctt_usdt	42,950815209976895	56,91169295820458	48
xwg_usdt	61,14772473584177	61,276545142845826	50
beefi_usdt	62,75536880277079	64,73350253807106	53
mist_usdt	68,49415829004164	73,92059715114573	54
blin_usdt	38,78692439271016	53,72621942497496	54
moni_usdt	35,42043774087213	28,821636664057735	54
ping_usdt	46,54315528997371	53,76051459673429	57
gafi_usdt	66,90361840141472	72,45219043054132	57
xpnet_usdt	44,727649115100014	40,58916916563767	56
xil_usdt	65,17717395965738	71,21832802306176	62
baby_usdt	36,89006890195358	49,22766957689725	64
fiwa_usdt	31,13353994911462	21,171619508033544	64
ops_usdt	33,438553487782656	6,0531409466830866	64
raca_usdt	75,60787898404054	76,11022656263603	75
wsg_usdt	53,69237092125306	57,95601552393273	131
hod_usdt	56,11523098209147	54,78619492077273	125
xvs_usdt	53,733384666220275	49,310529128808135	270
olympus_usdt	49,70272226949713	55,23408732246185	98
pera_usdt	58,93394404733453	63,77023551364164	124
bmon_usdt	45,91940938624034	56,84139081597231	78
chess_usdt	44,692703752648946	32,731972085810284	78
pvu_usdt	23,243237701644844	20,714285714285722	77
naft_usdt	42,798432866971126	54,41906653426017	105
fan_usdt	60,30289913834294	70,38971474487747	103
pwar_usdt	66,32529631177735	70,10528260066494	82
skill_usdt	47,139217166220824	51,97030268418046	105
ygg_usdt	48,2154286366388	52,24145570511272	105
sps_usdt	45,134017843731236	52,260579064587986	106
nftb_usdt	58,11222673812934	57,747158726963264	109
hero_usdt	50,237359888237364	55,169806035991876	116
dpet_usdt	53,61402496984794	61,232415296215564	118
fevr_usdt	72,95267787530904	86,20385536096762	124
ooe_usdt	48,85493325386961	41,79012886823881	120
wex_usdt	53,967766894714515	55,99753314831946	126
woop_usdt	65,76549764643977	73,11320754716978	205
kalm_usdt	76,09498257631338	82,02422821414613	160
100x_usdt	81,5033121609023	100,0	159
kpad_usdt	59,70238286623329	58,445900762337835	202
dek_usdt	51,88849372838242	53,736920777279515	198
babydoge_usdt	56,558308575518616	58,17460317460318	111
ass_usdt	53,92076848351557	56,81485906525601	176
pig_usdt	49,54116885450692	53,30948121645796	184
doggy_usdt	48,412936290463676	47,10752805316483	179
fine_usdt	41,50150881932036	28,913963328631866	195
lowb_usdt	49,48690684446653	55,83390528483184	183
bscs_usdt	81,72471627017251	82,30411972133825	196
argon_usdt	59,04183206402955	53,69494899228665	201
safemars_usdt	52,649986924263146	55,79423403052572	204
safemoon_usdt	53,34559700883337	55,1184263348053	201
psg_usdt	42,156753759128364	40,631578947368425	211
nrv_usdt	51,68046180316215	65,01890869800108	212
pet_usdt	48,961874402123556	59,50000000000001	217
tko_usdt	51,42305450330557	50,60096153846152	216
alpaca_usdt	44,0263919198814	47,42647058823528	222
eps_usdt	54,97510206492271	58,028518288902646	222
bry_usdt	66,37587529573463	71,63644709662611	224
bscpad_usdt	74,48746558664472	84,02813772676787	238
ctk_usdt	52,934588160129906	42,2957600827301	234
btcst_usdt	52,0569634242992	40,883977900552495	235
tools_usdt	73,51423514685203	75,29243937232525	238
auto_usdt	50,63526026961811	52,563617161190045	239
juld_usdt	55,73860255644375	56,441717791411044	262
egg_usdt	62,67475275692205	68,18823529411766	258
cake_usdt	54,390212949069145	53,62394049472409	265
sfp_usdt	53,340181611331005	48,324311873776345	265
bake_usdt	55,07233658638783	54,044117647058826	262
nuls_usdt	57,477204058289814	52,0910780669145	265
fra_usdt	55,36996993500757	61,61910308677927	219
swingby_usdt	75,44766171479685	76,0045532157086	256
twt_usdt	56,40858215043409	58,636363636363626	270
ava_usdt	46,18772879622829	47,70889285821373	270
cro_usdt	70,0946640997559	71,95928043508576	270
aly_usdt	53,15307193346505	52,26839496759435	270
win_usdt	61,176074911272835	63,85688950907562	270
sun_usdt	59,41329626142545	58,52090032154342	270
mtv_usdt	59,48084538077432	46,44105553616613	270
one_usdt	58,883235507506875	41,635595818539656	270
arpa_usdt	64,52462014495251	65,26440106354087	270
dili_usdt	58,070363198839175	63,710407239818984	270
algo_usdt	55,124108804183535	45,14648010494098	270
pi_usdt	68,06651328856319	61,712279931991446	270
ckb_usdt	60,898867186731174	59,05806240347639	270
bkc_usdt	54,916488898043966	55,4717794054287	270
bxc_usdt	67,45467366442517	88,1542699724518	270
hc_usdt	56,55959688092469	66,58312447786129	270
gard_usdt	58,040900032733504	60,344827586206875	270
celo_usdt	53,6620273720387	36,59721472525098	270
hpb_usdt	55,11051218557434	51,74648332543069	270
cfx_usdt	51,08291749362203	49,49748743718593	270
fti_usdt	63,23124860462513	66,59108087679515	270
sop_usdt	60,42724628310065	66,82509505703422	270
lemo_usdt	48,75616656912768	48,26979332651557	270
pundix_usdt	52,858938433429316	54,60166810468795	219
qkc_usdt	50,660083490299826	48,571918689424486	270
iotx_usdt	60,405801250689784	64,99574009354407	270
red_usdt	65,6645927387442	67,97583081570997	270
lba_usdt	57,644251993479195	59,4272076372315	270
open_usdt	48,9805548815341	41,061919384304424	270
mith_usdt	54,58206659792328	54,970986460348165	270
skm_usdt	56,874463006479395	56,03448275862069	270
xvg_usdt	59,1345871612996	62,31091359712845	270
nano_usdt	56,74319661065464	58,472861951133964	270
strax_usdt	51,26254194892615	54,51380552220889	270
edg_usdt	56,50676798517361	55,0875181275505	270
stx_usdt	57,59468532453314	52,44021676085047	270
egld_usdt	65,25590616929583	65,57054663192422	270
xprt_usdt	46,90500699921657	38,80613033399159	196
cspr_usdt	57,18561562998072	56,9634703196347	183
okt_usdt	56,36092986830431	62,668120683387855	270
fis_usdt	55,237773866423716	49,435382685069015	270
ht_usdt	57,7517918518863	57,29700010308923	270
go_usdt	57,16610532017539	47,523994282213586	232
omi_usdt	53,280296930941226	63,47279427704314	232
mdx_usdt	32,95240848403327	27,030096536059006	270
filda_usdt	49,63087598716904	46,60633484162896	218
war_usdt	58,47025070468112	63,04347826086957	195
dog_usdt	45,712729862219994	48,82573978393612	193
xnft_usdt	41,90430170356309	42,692307692307686	103
lava_usdt	54,97332358777277	58,01749271137027	216
bxh_usdt	29,670539213132983	25,380710659898483	222
slnv2_usdt	51,71811036600425	54,939300166627	264
bags_usdt	45,55227778636772	46,75972083748754	270
cir_usdt	55,7233597043956	54,49735449735451	270
bnb_usdt	74,82584960054115	79,8200033406683	270
met_usdt	60,2027013697248	67,74223631446424	270
tct_usdt	55,804517048333274	53,1273949183517	270
mxc_usdt	53,073413671125074	54,035925420645746	270
